2.454968971253286116e+06 4.036611364300984883e-02 5.421395167913768687e-02
2.455003200305335224e+06 7.644589567248594175e-02 8.978969267011793765e-02
2.455037328958853148e+06 1.733401580237509815e-02 1.631108849251878753e-02
2.455071456555696204e+06 1.159067994696861142e-01 3.133387168714908688e-02
2.455105599195403978e+06 1.088819675864609662e-02 1.242593827285702786e-02
2.455139727170544211e+06 2.363302958302701540e-02 1.330492845815329714e-02
2.455173892994074151e+06 2.408694824918545738e-02 2.035062452848482306e-02
2.455276782585801091e+06 1.345942336459046013e-02 2.159671094418068663e-02
2.455310444234407041e+06 1.436069121574955892e-02 1.376960577985898021e-02
2.455344539512109011e+06 2.410226140188265198e-02 1.917130382417752549e-02
2.455378739433480427e+06 2.996171499613350941e-02 1.880284828631939922e-02
2.455412900052118581e+06 1.836210762864752544e-02 2.363542627435532423e-02
2.455447010305569042e+06 1.691997401784353997e-02 1.623583464738743640e-02
2.455481155887048692e+06 1.082574500145613849e-02 1.012326019189907500e-02
2.455515316844249144e+06 1.550786341077799863e-02 1.665187461817175044e-02
2.455549446950008161e+06 1.610473684036043546e-02 1.373241949158071629e-02
2.455686006219653878e+06 1.286766751630507785e-02 2.245022083289840986e-02
2.455720181264333893e+06 1.226613171538053562e-02 8.841024666006992022e-03
2.455754250031481497e+06 3.348520896701370764e-02 1.574722503788195394e-01
2.455788450006309897e+06 1.871019488272257503e-02 1.439543185983046397e-02
2.455822603184307925e+06 1.877036822281213935e-02 3.372567197196468108e-02
2.455856817645641509e+06 7.954861056936378405e-02 2.829457046988384517e-02
2.455890876040087547e+06 1.851468792063020244e-02 2.233797445715523730e-02
2.455925005802237894e+06 1.714140673537351695e-02 2.220714206418242243e-02
2.456027452434549108e+06 2.227331192678105865e-02 1.661599104272138902e-02
2.456061593764387071e+06 2.200399121419401721e-02 2.045031630890895361e-02
2.456095713645511307e+06 2.527930390588907505e-02 2.376886001213956642e-02
2.456129906012058724e+06 1.742891492494403477e-02 4.273579118745019639e-02
2.456164000522171613e+06 1.152338174585968572e-02 1.531911701032832515e-02
2.456198137992625590e+06 3.084096924680512081e-02 1.910912463345098428e-02
2.456232286684705410e+06 1.781448318821090768e-02 1.865060932280568004e-02
2.456266417460141238e+06 3.249481740295086935e-02 2.120136496439029017e-02
