2.454995658032120671e+06 4.254254523961609885e-02 2.514314283209035522e-02
2.455058916470031254e+06 1.310079770570179991e-02 1.469990656907556141e-02
2.455122246596563142e+06 2.015921431032640515e-02 1.495667211953970871e-02
2.455185943501331843e+06 1.446025556411992818e-01 6.555362172156135869e-02
2.455312283503009006e+06 2.014250594238824882e-02 1.313253550641530973e-02
2.455375629572078120e+06 1.218940475044119100e-02 1.601707192578530337e-02
2.455438975607241504e+06 1.041763429281370931e-02 1.351562347264031148e-02
2.455502293905151542e+06 1.832337021200692445e-02 1.401729600239872905e-02
2.455755625355838798e+06 2.164034017129506937e-02 1.812758134250596134e-02
2.455818970172685105e+06 2.273687769928840405e-02 1.960629719499195830e-02
2.455882318014368415e+06 1.456577718845065983e-02 2.668301048991453261e-02
2.456072324121009558e+06 1.404369691703943879e-02 1.461914992229198205e-02
2.456135612704129890e+06 1.224542113433092771e-02 1.799530433407120489e-02
2.456199008368410170e+06 1.062417403560105000e-02 2.305215584126831321e-02
2.456262297676088288e+06 1.955615683897730939e-02 1.702768038172599099e-02
