1.648885860419415372e-01 6.620842830647086785e-01
2.322957435518912261e-01 7.295337089261112462e-01
5.086031454626805948e-01 7.963533993019770163e-01
7.065608892966886989e-01 8.865452350837359496e-01
1.000000000000000000e+00 1.000000000000000000e+00
1.558997308897494216e+00 1.121194688276487383e+00
2.483115098636984097e+00 1.287936377612459715e+00
3.233211602098403414e+00 1.371345619746432209e+00
4.258708464938849581e+00 1.477598864864061445e+00
5.624339892023132670e+00 1.585146659057568908e+00
7.778187198819730419e+00 1.711817122426908533e+00
9.910091909502448004e+00 1.822463425735769027e+00
1.232989315761164306e+01 1.929298344352774919e+00
1.543915032234275131e+01 2.047701897940884752e+00
1.887318210835744026e+01 2.155381297319598932e+00
2.324988181435536205e+01 2.266420648479695377e+00
2.828422014249477812e+01 2.367971787581952814e+00
3.381126277337346409e+01 2.458592319728389430e+00
4.021565995559512174e+01 2.546654925606397502e+00
4.741811743161365911e+01 2.629469566868712693e+00
5.542800520289955557e+01 2.724104616916594335e+00
6.489583206290562600e+01 2.804711974048362588e+00
7.551421144060988411e+01 2.887276242688362693e+00
8.706955719203692468e+01 2.971435046339268471e+00
9.962878773527705789e+01 3.059246285579154456e+00
1.129861088760873002e+02 3.145589266449321908e+00
1.275268132473965323e+02 3.235512615036807205e+00
1.428466152178503705e+02 3.323733742980151451e+00
1.587565510832635027e+02 3.408420037440409889e+00
1.761791124219950007e+02 3.496133502978418406e+00
1.941741879188814437e+02 3.581904513202276430e+00
2.131816978592432577e+02 3.667699672239626896e+00
2.331289591731100188e+02 3.754065063797998203e+00
2.539395298860011110e+02 3.839931585278835602e+00
