2.000000000000000000e+03 4.974689994051786357e+00
2.050000000000000000e+03 5.009128297767603044e+00
2.100000000000000000e+03 5.247829485681766215e+00
2.150000000000000000e+03 5.184011778335182896e+00
2.200000000000000000e+03 5.467659992198839802e+00
2.250000000000000000e+03 5.132289582832250119e+00
2.300000000000000000e+03 5.239263266104313033e+00
2.350000000000000000e+03 5.066821073672784337e+00
2.400000000000000000e+03 5.134131179411269841e+00
2.500000000000000000e+03 4.716922709171537775e+00
2.600000000000000000e+03 4.702904309470920197e+00
2.700000000000000000e+03 4.021073474510998835e+00
2.800000000000000000e+03 3.968580869736101135e+00
2.900000000000000000e+03 3.541167119341913860e+00
3.000000000000000000e+03 3.310581800571100075e+00
3.100000000000000000e+03 2.969610968315251398e+00
3.200000000000000000e+03 2.762294144955980357e+00
3.300000000000000000e+03 2.593083739030191737e+00
3.400000000000000000e+03 2.409455654750708220e+00
3.500000000000000000e+03 2.246197352585447504e+00
3.600000000000000000e+03 2.078873359621880468e+00
3.700000000000000000e+03 1.927933166800912090e+00
3.800000000000000000e+03 1.793099390459474307e+00
3.900000000000000000e+03 1.668886745247753822e+00
4.000000000000000000e+03 1.557755163174597612e+00
4.100000000000000000e+03 1.521695849358458474e+00
4.200000000000000000e+03 1.414580819715169469e+00
4.300000000000000000e+03 1.318729313807807557e+00
4.400000000000000000e+03 1.237646402925129507e+00
4.500000000000000000e+03 1.167947949086503456e+00
4.600000000000000000e+03 1.106661697988513993e+00
4.700000000000000000e+03 1.051050849568540002e+00
4.800000000000000000e+03 1.000568029217433264e+00
4.900000000000000000e+03 9.549455149752645866e-01
5.000000000000000000e+03 9.120809833049818849e-01
5.100000000000000000e+03 8.734379987801190737e-01
5.200000000000000000e+03 8.377221024981764685e-01
5.300000000000000000e+03 8.047651409292768676e-01
5.400000000000000000e+03 7.740076189573912302e-01
5.500000000000000000e+03 7.447519880589723584e-01
5.600000000000000000e+03 7.179435115115850863e-01
5.700000000000000000e+03 6.917424797011832993e-01
5.800000000000000000e+03 6.668691105217874338e-01
5.900000000000000000e+03 6.429354810418246302e-01
6.000000000000000000e+03 6.201381822103755326e-01
6.100000000000000000e+03 5.975365105934855592e-01
6.200000000000000000e+03 5.746400407522500586e-01
6.300000000000000000e+03 5.529964750140408114e-01
6.400000000000000000e+03 5.302692245502313995e-01
6.500000000000000000e+03 5.096456893830136892e-01
6.600000000000000000e+03 4.881211272305279181e-01
6.700000000000000000e+03 4.654503572698374114e-01
6.800000000000000000e+03 4.427527532885591199e-01
6.900000000000000000e+03 4.211604994239834809e-01
7.000000000000000000e+03 3.986459402281568032e-01
