2.457763017952804919e+06 9.962272121386983592e-01 5.000000000000000104e-04
2.457763038384646643e+06 9.961841440742160714e-01 5.000000000000000104e-04
2.457763058816488367e+06 9.964591357004950467e-01 5.000000000000000104e-04
2.457763079248329159e+06 9.968545591795222593e-01 5.000000000000000104e-04
2.457763099680169951e+06 9.968967472377974204e-01 5.000000000000000104e-04
2.457763120112110395e+06 9.974620287021656040e-01 5.000000000000000104e-04
2.457763140543950256e+06 9.974190492550999432e-01 5.000000000000000104e-04
2.457763160975689534e+06 9.967678088966003269e-01 5.000000000000000104e-04
2.457763181407628581e+06 9.970077709255368292e-01 5.000000000000000104e-04
2.457763201839467045e+06 9.967921090037134002e-01 5.000000000000000104e-04
2.457763222271205392e+06 9.967492772523420808e-01 5.000000000000000104e-04
2.457763242703143042e+06 9.967064159618319596e-01 5.000000000000000104e-04
2.457763263134980574e+06 9.966636432887383545e-01 5.000000000000000104e-04
2.457763283566717524e+06 9.966208706156448605e-01 5.000000000000000104e-04
2.457763303998654243e+06 9.963355878014559242e-01 5.000000000000000104e-04
2.457763324430390261e+06 9.956369791316780349e-01 5.000000000000000104e-04
2.457763344862226397e+06 9.961582398585027143e-01 5.000000000000000104e-04
2.457763365294161718e+06 9.961155853419646489e-01 5.000000000000000104e-04
2.457763385725896806e+06 9.955090451212028624e-01 5.000000000000000104e-04
2.457763406157731079e+06 9.954664792220814240e-01 5.000000000000000104e-04
2.457763426589665469e+06 9.949706163337678211e-01 5.000000000000000104e-04
2.457763487885165494e+06 9.948145379593037463e-01 5.000000000000000104e-04
2.457763508316997904e+06 9.947721197558767603e-01 5.000000000000000104e-04
2.457763528748730198e+06 9.947297015524497743e-01 5.000000000000000104e-04
2.457763549180662259e+06 9.941896560333107757e-01 5.000000000000000104e-04
2.457763569612493273e+06 9.941472969081615041e-01 5.000000000000000104e-04
2.457763590044224635e+06 9.941049968612899468e-01 5.000000000000000104e-04
2.457763610476154834e+06 9.937303933114326471e-01 5.000000000000000104e-04
2.457763630907985382e+06 9.936881523428389151e-01 5.000000000000000104e-04
2.457763651339714881e+06 9.932839030421388715e-01 5.000000000000000104e-04
2.457763671771644149e+06 9.932416916126840523e-01 5.000000000000000104e-04
2.457763712635201868e+06 9.935085050264742534e-01 5.000000000000000104e-04
2.457763733067130204e+06 9.934664117535748629e-01 5.000000000000000104e-04
2.457763753498957958e+06 9.934243480198143850e-01 5.000000000000000104e-04
2.457763773930685129e+06 9.933822842860539071e-01 5.000000000000000104e-04
2.457763794362612069e+06 9.925281808228626490e-01 5.000000000000000104e-04
2.457763835226265248e+06 9.919152861351318018e-01 5.000000000000000104e-04
2.457763855658090673e+06 9.924023145521088107e-01 5.000000000000000104e-04
2.457763876089916099e+06 9.916602838772514694e-01 5.000000000000000104e-04
2.457763896521741059e+06 9.923185710933932757e-01 5.000000000000000104e-04
2.457763916953566018e+06 9.915765994968136487e-01 5.000000000000000104e-04
2.457763937385390047e+06 9.925015067615867714e-01 5.000000000000000104e-04
2.457763957817313727e+06 9.919154272475538825e-01 5.000000000000000104e-04
2.457763978249137290e+06 9.924179996159822048e-01 5.000000000000000104e-04
2.457763998680860270e+06 9.923762608127493223e-01 5.000000000000000104e-04
2.457764019112783018e+06 9.923345810877942652e-01 5.000000000000000104e-04
2.457764039544505067e+06 9.925782124584583421e-01 5.000000000000000104e-04
2.457764100839969236e+06 9.927514589636987630e-01 5.000000000000000104e-04
2.457764121271790005e+06 9.924119071065822251e-01 5.000000000000000104e-04
2.457764141703710426e+06 9.923703750773215093e-01 5.000000000000000104e-04
2.457764202999168541e+06 9.928508725077052066e-01 5.000000000000000104e-04
2.457764223430887330e+06 9.928095177132777449e-01 5.000000000000000104e-04
2.457764243862705771e+06 9.917078403614664195e-01 5.000000000000000104e-04
2.457764264294623397e+06 9.917144853893111733e-01 5.000000000000000104e-04
2.457764284726340789e+06 9.916731601340225133e-01 5.000000000000000104e-04
2.457764305158158299e+06 9.916318939570116786e-01 5.000000000000000104e-04
2.457764325590074994e+06 9.915906868582786693e-01 5.000000000000000104e-04
2.457764346021891106e+06 9.915494797595455490e-01 5.000000000000000104e-04
2.457764366453607101e+06 9.914629956679046341e-01 5.000000000000000104e-04
2.457764386885522399e+06 9.914218476474493391e-01 5.000000000000000104e-04
2.457764407317337580e+06 9.913807291661329568e-01 5.000000000000000104e-04
2.457764427749052644e+06 9.916137968058946761e-01 5.000000000000000104e-04
2.457764448180967011e+06 9.915727374028560082e-01 5.000000000000000104e-04
2.457764468612780795e+06 9.915317370780950545e-01 5.000000000000000104e-04
2.457764489044494461e+06 9.914907367533341009e-01 5.000000000000000104e-04
2.457764509476407431e+06 9.914497659677120600e-01 5.000000000000000104e-04
2.457764550339932553e+06 9.919620396970293408e-01 5.000000000000000104e-04
2.457764570771844592e+06 9.920247408434859082e-01 5.000000000000000104e-04
2.457764591203656513e+06 9.919838882144194070e-01 5.000000000000000104e-04
2.457764611635367852e+06 9.919430651244917074e-01 5.000000000000000104e-04
2.457764632067278493e+06 9.914076994204937820e-01 5.000000000000000104e-04
2.457764652499089018e+06 9.906420101739681350e-01 5.000000000000000104e-04
2.457764672930899076e+06 9.902666132219722916e-01 5.000000000000000104e-04
2.457764693362708669e+06 9.902259082886001318e-01 5.000000000000000104e-04
2.457764713794517796e+06 9.901852624335056863e-01 5.000000000000000104e-04
2.457764775089943781e+06 9.896120800481141844e-01 5.000000000000000104e-04
2.457764795521751512e+06 9.895327546980487998e-01 5.000000000000000104e-04
2.457764815953558777e+06 9.881658888652039563e-01 5.000000000000000104e-04
2.457764836385365576e+06 9.881254202449427648e-01 5.000000000000000104e-04
2.457764856817272026e+06 9.880849516246815734e-01 5.000000000000000104e-04
2.457764877248978242e+06 9.876588051567964932e-01 5.000000000000000104e-04
2.457764897680784110e+06 9.871547719256135167e-01 5.000000000000000104e-04
2.457764918112689629e+06 9.863308502223006036e-01 5.000000000000000104e-04
2.457764938544394914e+06 9.862904997585949518e-01 5.000000000000000104e-04
2.457764958976199385e+06 9.862502083731671254e-01 5.000000000000000104e-04
2.457764979408103507e+06 9.864347971067878307e-01 5.000000000000000104e-04
2.457764999839807395e+06 9.866602043023742219e-01 5.000000000000000104e-04
2.457765020271610934e+06 9.878215002194696837e-01 5.000000000000000104e-04
2.457765040703514125e+06 9.889881145371347548e-01 5.000000000000000104e-04
2.457765061135217082e+06 9.889479708474012698e-01 5.000000000000000104e-04
2.457765081567019224e+06 9.889077976185288721e-01 5.000000000000000104e-04
2.457765101998921018e+06 9.889739363211167422e-01 5.000000000000000104e-04
2.457765122430622578e+06 9.886337033418292064e-01 5.000000000000000104e-04
2.457765142862423789e+06 9.884245883484555906e-01 5.000000000000000104e-04
2.457765163294324651e+06 9.883845628152775342e-01 5.000000000000000104e-04
2.457765183726125397e+06 9.875526851534989214e-01 5.000000000000000104e-04
2.457765224589725025e+06 9.870661832503234701e-01 5.000000000000000104e-04
2.457765245021524373e+06 9.870263054128398661e-01 5.000000000000000104e-04
2.457765265453223139e+06 9.869864275753562621e-01 5.000000000000000104e-04
2.457765285885121673e+06 9.869466088161503725e-01 5.000000000000000104e-04
2.457765306316919625e+06 9.872461947546106176e-01 5.000000000000000104e-04
2.457765326748617459e+06 9.872064350736824423e-01 5.000000000000000104e-04
2.457765347180515062e+06 9.871666753927543780e-01 5.000000000000000104e-04
2.457765367612311617e+06 9.877290402506603284e-01 5.000000000000000104e-04
2.457765388044008520e+06 9.882498727163304686e-01 5.000000000000000104e-04
2.457765408475904725e+06 9.886646399175599287e-01 5.000000000000000104e-04
2.457765428907700349e+06 9.886249983931872931e-01 5.000000000000000104e-04
2.457765449339395855e+06 9.885291784018154226e-01 5.000000000000000104e-04
2.457765469771291129e+06 9.880914543145344897e-01 5.000000000000000104e-04
2.457765490203085821e+06 9.872312574132101615e-01 5.000000000000000104e-04
2.457765510634880047e+06 9.866306280537391338e-01 5.000000000000000104e-04
2.457765531066674273e+06 9.865911637641997523e-01 5.000000000000000104e-04
2.457765551498467568e+06 9.868493008286045587e-01 5.000000000000000104e-04
2.457765571930260863e+06 9.868098956173430025e-01 5.000000000000000104e-04
2.457765592362053692e+06 9.879330284255375405e-01 5.000000000000000104e-04
2.457765612793846056e+06 9.882104037564231058e-01 5.000000000000000104e-04
2.457765633225637954e+06 9.881710871625780657e-01 5.000000000000000104e-04
2.457765653657429852e+06 9.885263117850479064e-01 5.000000000000000104e-04
2.457765674089221284e+06 9.881987737775419500e-01 5.000000000000000104e-04
2.457765694521111902e+06 9.881595458011136479e-01 5.000000000000000104e-04
2.457765714952802751e+06 9.881203178246853458e-01 5.000000000000000104e-04
2.457765735384592786e+06 9.886143792236051775e-01 5.000000000000000104e-04
2.457765755816482473e+06 9.885752398645935024e-01 5.000000000000000104e-04
2.457765796679961029e+06 9.891589552554703735e-01 5.000000000000000104e-04
2.457765817111849785e+06 9.893222179179202991e-01 5.000000000000000104e-04
2.457765837543537840e+06 9.907935691332131478e-01 5.000000000000000104e-04
2.457765857975326013e+06 9.907545774698959251e-01 5.000000000000000104e-04
2.457765878407213371e+06 9.909876581846533972e-01 5.000000000000000104e-04
2.457765898838900495e+06 9.911383351421880761e-01 5.000000000000000104e-04
2.457765919270687271e+06 9.921554643142816987e-01 5.000000000000000104e-04
2.457765939702573698e+06 9.924652993440562510e-01 5.000000000000000104e-04
2.457765960134259891e+06 9.927690576612937523e-01 5.000000000000000104e-04
2.457765980566045735e+06 9.938893704519173866e-01 5.000000000000000104e-04
2.457766000997930765e+06 9.940560980096048160e-01 5.000000000000000104e-04
2.457766021429715678e+06 9.940173426593984507e-01 5.000000000000000104e-04
2.457766041861400474e+06 9.937730748621596000e-01 5.000000000000000104e-04
2.457766062293284573e+06 9.936530484910216510e-01 5.000000000000000104e-04
2.457766082725068089e+06 9.936143817582320237e-01 5.000000000000000104e-04
2.457766103156751953e+06 9.935757445645811980e-01 5.000000000000000104e-04
2.457766123588634655e+06 9.936280437299658264e-01 5.000000000000000104e-04
2.457766144020417240e+06 9.935894656145928261e-01 5.000000000000000104e-04
2.457766164452099707e+06 9.935509170383586275e-01 5.000000000000000104e-04
2.457766184883981943e+06 9.931042156821734412e-01 5.000000000000000104e-04
2.457766205315763131e+06 9.930656966450781553e-01 5.000000000000000104e-04
2.457766225747444667e+06 9.930272662253994964e-01 5.000000000000000104e-04
2.457766246179325506e+06 9.927174108851751777e-01 5.000000000000000104e-04
2.457766266611105762e+06 9.929212957863067235e-01 5.000000000000000104e-04
2.457766287042785902e+06 9.935580448111095420e-01 5.000000000000000104e-04
2.457766307474665344e+06 9.935197325479864228e-01 5.000000000000000104e-04
2.457766327906345017e+06 9.935732725300203683e-01 5.000000000000000104e-04
2.457766348338223994e+06 9.935349898060361618e-01 5.000000000000000104e-04
2.457766368770002387e+06 9.934967661603296696e-01 5.000000000000000104e-04
2.457766389201780781e+06 9.931990673393895630e-01 5.000000000000000104e-04
2.457766409633558709e+06 9.931609027719607852e-01 5.000000000000000104e-04
2.457766430065336172e+06 9.931227382045320073e-01 5.000000000000000104e-04
2.457766450497113168e+06 9.930846031762421422e-01 5.000000000000000104e-04
2.457766470928890165e+06 9.930669463979205913e-01 5.000000000000000104e-04
2.457766491360666230e+06 9.936297691313059621e-01 5.000000000000000104e-04
2.457766511792442296e+06 9.935917522595716367e-01 5.000000000000000104e-04
2.457766532224318013e+06 9.935537353878372002e-01 5.000000000000000104e-04
2.457766552655993495e+06 9.938515651699204589e-01 5.000000000000000104e-04
2.457766573087768164e+06 9.938136073764638478e-01 5.000000000000000104e-04
2.457766593519642949e+06 9.934116611486679682e-01 5.000000000000000104e-04
2.457766613951317035e+06 9.933737328943501588e-01 5.000000000000000104e-04
2.457766634383090772e+06 9.936999112309272686e-01 5.000000000000000104e-04
2.457766654814964160e+06 9.934116341144549889e-01 5.000000000000000104e-04
2.457766675246637315e+06 9.938707704331848358e-01 5.000000000000000104e-04
2.457766695678410120e+06 9.939299713884807153e-01 5.000000000000000104e-04
2.457766736541954335e+06 9.939890279848420107e-01 5.000000000000000104e-04
2.457766756973725744e+06 9.939472954429087181e-01 5.000000000000000104e-04
2.457766777405597270e+06 9.939624554484466357e-01 5.000000000000000104e-04
2.457766797837268095e+06 9.941924258743074505e-01 5.000000000000000104e-04
2.457766818269038573e+06 9.941548225505173475e-01 5.000000000000000104e-04
2.457766838700908702e+06 9.938850679339527039e-01 5.000000000000000104e-04
2.457766859132678714e+06 9.938475532275792279e-01 5.000000000000000104e-04
2.457766879564348143e+06 9.932547964820683806e-01 5.000000000000000104e-04
2.457766899996217340e+06 9.924434937336635842e-01 5.000000000000000104e-04
2.457766920427985955e+06 9.920469837453772532e-01 5.000000000000000104e-04
2.457766940859653987e+06 9.920088148454372368e-01 5.000000000000000104e-04
2.457766961291522253e+06 9.919721906457412697e-01 5.000000000000000104e-04
2.457766981723289937e+06 9.918373496842309844e-01 5.000000000000000104e-04
2.457767002154957037e+06 9.916055754642190134e-01 5.000000000000000104e-04
2.457767022586823907e+06 9.912340736032181354e-01 5.000000000000000104e-04
2.457767043018490542e+06 9.911317362243727835e-01 5.000000000000000104e-04
2.457767063450256828e+06 9.907617295863926365e-01 5.000000000000000104e-04
2.457767083882122301e+06 9.903908777321515089e-01 5.000000000000000104e-04
2.457767104313788004e+06 9.906873500347009864e-01 5.000000000000000104e-04
2.457767124745653011e+06 9.906501897979940185e-01 5.000000000000000104e-04
2.457767145177417900e+06 9.906130886395648760e-01 5.000000000000000104e-04
2.457767186040945817e+06 9.902147618704404408e-01 5.000000000000000104e-04
2.457767206472709775e+06 9.901777197902890126e-01 5.000000000000000104e-04
2.457767226904373150e+06 9.901407367884152988e-01 5.000000000000000104e-04
2.457767247336235829e+06 9.904671104613519406e-01 5.000000000000000104e-04
2.457767267767998390e+06 9.901209519637795831e-01 5.000000000000000104e-04
2.457767288199760485e+06 9.900840280401836946e-01 5.000000000000000104e-04
2.457767308631522581e+06 9.900471927340043221e-01 5.000000000000000104e-04
2.457767329063284211e+06 9.900103278886861480e-01 5.000000000000000104e-04
2.457767349495044909e+06 9.899735221216456882e-01 5.000000000000000104e-04
2.457767369926905725e+06 9.901468359096795568e-01 5.000000000000000104e-04
2.457767390358566307e+06 9.907535786800382160e-01 5.000000000000000104e-04
2.457767410790326539e+06 9.907168615304144943e-01 5.000000000000000104e-04
2.457767431222185958e+06 9.907081887933307796e-01 5.000000000000000104e-04
2.457767451653845143e+06 9.906715307219846611e-01 5.000000000000000104e-04
2.457767472085604444e+06 9.914444201633785259e-01 5.000000000000000104e-04
2.457767492517462932e+06 9.924362109049239544e-01 5.000000000000000104e-04
2.457767512949121185e+06 9.923996414509945740e-01 5.000000000000000104e-04
2.457767533380879089e+06 9.923631015362041063e-01 5.000000000000000104e-04
2.457767553812736645e+06 9.907028956193729696e-01 5.000000000000000104e-04
2.457767574244393967e+06 9.903163479939867120e-01 5.000000000000000104e-04
2.457767594676150940e+06 9.889873292981541386e-01 5.000000000000000104e-04
2.457767615108007099e+06 9.888849349056574312e-01 5.000000000000000104e-04
2.457767635539663490e+06 9.888485426865613048e-01 5.000000000000000104e-04
2.457767655971419066e+06 9.884388962535293199e-01 5.000000000000000104e-04
2.457767676403274760e+06 9.884025926518498206e-01 5.000000000000000104e-04
2.457767696835029405e+06 9.890154110464129955e-01 5.000000000000000104e-04
2.457767717266684398e+06 9.889791665230112105e-01 5.000000000000000104e-04
2.457767758130292874e+06 9.890389946783567643e-01 5.000000000000000104e-04
2.457767778561946470e+06 9.890027796940938920e-01 5.000000000000000104e-04
2.457767798993799835e+06 9.890406511762392938e-01 5.000000000000000104e-04
2.457767819425452501e+06 9.888266619454219031e-01 5.000000000000000104e-04
2.457767839857304934e+06 9.887905651177145705e-01 5.000000000000000104e-04
2.457767860289057251e+06 9.887544682900071269e-01 5.000000000000000104e-04
2.457767880720709451e+06 9.893417744175440065e-01 5.000000000000000104e-04
2.457767901152560953e+06 9.879835705377114641e-01 5.000000000000000104e-04
2.457767921584311873e+06 9.896544018005930532e-01 5.000000000000000104e-04
2.457767942015962675e+06 9.901012448234970398e-01 5.000000000000000104e-04
2.457767962447813246e+06 9.895825626148447851e-01 5.000000000000000104e-04
2.457767982879563235e+06 9.893852315649664941e-01 5.000000000000000104e-04
2.457768003311213106e+06 9.893493710503701299e-01 5.000000000000000104e-04
2.457768023743062746e+06 9.888926807811786457e-01 5.000000000000000104e-04
2.457768044174811803e+06 9.886210653498028744e-01 5.000000000000000104e-04
2.457768064606460277e+06 9.885852639134842246e-01 5.000000000000000104e-04
2.457768085038308986e+06 9.874416714252408633e-01 5.000000000000000104e-04
2.457768105470056646e+06 9.872845091486505131e-01 5.000000000000000104e-04
2.457768125901804306e+06 9.866147360236672270e-01 5.000000000000000104e-04
2.457768146333551966e+06 9.865449222657959316e-01 5.000000000000000104e-04
2.457768166765298694e+06 9.863257950075527969e-01 5.000000000000000104e-04
2.457768187197045423e+06 9.858555054786316552e-01 5.000000000000000104e-04
2.457768207628891803e+06 9.856344024223643308e-01 5.000000000000000104e-04
2.457768248492283281e+06 9.855633607933657059e-01 5.000000000000000104e-04
2.457768268924128264e+06 9.855279138267136751e-01 5.000000000000000104e-04
2.457768289355773479e+06 9.858537631905552878e-01 5.000000000000000104e-04
2.457768309787517879e+06 9.861911441575018644e-01 5.000000000000000104e-04
2.457768330219361931e+06 9.861557858082663497e-01 5.000000000000000104e-04
2.457768350651005749e+06 9.861204274590309460e-01 5.000000000000000104e-04
2.457768371082749218e+06 9.860850986489343439e-01 5.000000000000000104e-04
2.457768391514592338e+06 9.860497993779765435e-01 5.000000000000000104e-04
2.457768411946235225e+06 9.860894294423120376e-01 5.000000000000000104e-04
2.457768432377977762e+06 9.860541892496320626e-01 5.000000000000000104e-04
2.457768452809819952e+06 9.860189785960910003e-01 5.000000000000000104e-04
2.457768473241461441e+06 9.859837974816887396e-01 5.000000000000000104e-04
2.457768493673203047e+06 9.859486459064253916e-01 5.000000000000000104e-04
2.457768514105043840e+06 9.859456317053939545e-01 5.000000000000000104e-04
2.457768534536684863e+06 9.860972090956090508e-01 5.000000000000000104e-04
2.457768554968525190e+06 9.860621756769012425e-01 5.000000000000000104e-04
2.457768616263744421e+06 9.859571640381943336e-01 5.000000000000000104e-04
2.457768636695483234e+06 9.859222487760420650e-01 5.000000000000000104e-04
2.457768657127121929e+06 9.857795066575820719e-01 5.000000000000000104e-04
2.457768677558960393e+06 9.857446504737075177e-01 5.000000000000000104e-04
2.457768697990698274e+06 9.856221857468192571e-01 5.000000000000000104e-04
2.457768718422336038e+06 9.855873886412224172e-01 5.000000000000000104e-04
2.457768738854173105e+06 9.860073422118671438e-01 5.000000000000000104e-04
2.457768759285910055e+06 9.862556922793002112e-01 5.000000000000000104e-04
2.457768779717546888e+06 9.864329601787813484e-01 5.000000000000000104e-04
2.457768800149383023e+06 9.863982516906011355e-01 5.000000000000000104e-04
2.457768820581119042e+06 9.859588129792128397e-01 5.000000000000000104e-04
2.457768841012754478e+06 9.859241635693104522e-01 5.000000000000000104e-04
2.457768861444589682e+06 9.858895732376856680e-01 5.000000000000000104e-04
2.457768881876324769e+06 9.858550124451999075e-01 5.000000000000000104e-04
2.457768902307959273e+06 9.858204516527141470e-01 5.000000000000000104e-04
2.457768922739793546e+06 9.857814144184599003e-01 5.000000000000000104e-04
2.457768943171527237e+06 9.863718604215901964e-01 5.000000000000000104e-04
2.457768963603260927e+06 9.857491826743068897e-01 5.000000000000000104e-04
2.457768984034994151e+06 9.856780569715301032e-01 5.000000000000000104e-04
2.457769004466726910e+06 9.856436734138775968e-01 5.000000000000000104e-04
2.457769024898459204e+06 9.856460024622104577e-01 5.000000000000000104e-04
2.457769045330291614e+06 9.856116779828356655e-01 5.000000000000000104e-04
2.457769065761923324e+06 9.859719891677137804e-01 5.000000000000000104e-04
2.457769086193654686e+06 9.859377237666167026e-01 5.000000000000000104e-04
2.457769106625486165e+06 9.859034583655196249e-01 5.000000000000000104e-04
2.457769127057116944e+06 9.858692520427003725e-01 5.000000000000000104e-04
2.457769147488847375e+06 9.864255311039025198e-01 5.000000000000000104e-04
2.457769167920677457e+06 9.884931840044323126e-01 5.000000000000000104e-04
2.457769188352307305e+06 9.884590662990296872e-01 5.000000000000000104e-04
2.457769208784036804e+06 9.884249485936270618e-01 5.000000000000000104e-04
2.457769229215865955e+06 9.876297121835002635e-01 5.000000000000000104e-04
2.457769249647494871e+06 9.875956830955142651e-01 5.000000000000000104e-04
2.457769270079323091e+06 9.875601748745126418e-01 5.000000000000000104e-04
2.457769290510951076e+06 9.875277135369588954e-01 5.000000000000000104e-04
2.457769310942679178e+06 9.875234793363576458e-01 5.000000000000000104e-04
2.457769331374506466e+06 9.874895684049270761e-01 5.000000000000000104e-04
2.457769351806133520e+06 9.879736476578657722e-01 5.000000000000000104e-04
2.457769372237860225e+06 9.882018822911263767e-01 5.000000000000000104e-04
2.457769392669687048e+06 9.879059734906991963e-01 5.000000000000000104e-04
2.457769413101412822e+06 9.878721511766853647e-01 5.000000000000000104e-04
2.457769433533038944e+06 9.880234105203833384e-01 5.000000000000000104e-04
2.457769453964864369e+06 9.879896768237860227e-01 5.000000000000000104e-04
2.457769474396589212e+06 9.879560022054665325e-01 5.000000000000000104e-04
2.457769494828213938e+06 9.879222980480082406e-01 5.000000000000000104e-04
2.457769515260038432e+06 9.872736686986272048e-01 5.000000000000000104e-04
2.457769535691762809e+06 9.867644644634071538e-01 5.000000000000000104e-04
2.457769556123386603e+06 9.869891846032505800e-01 5.000000000000000104e-04
2.457769576555209700e+06 9.869555986023477168e-01 5.000000000000000104e-04
2.457769617418556008e+06 9.871058568506684283e-01 5.000000000000000104e-04
2.457769637850378174e+06 9.870736547365476232e-01 5.000000000000000104e-04
2.457769658282100223e+06 9.870402164313391014e-01 5.000000000000000104e-04
2.457769678713722154e+06 9.878554088196378480e-01 5.000000000000000104e-04
2.457769719577264506e+06 9.880833399788612192e-01 5.000000000000000104e-04
2.457769760440705810e+06 9.877220396076092923e-01 5.000000000000000104e-04
2.457769780872425996e+06 9.875602895069454101e-01 5.000000000000000104e-04
2.457769801304145716e+06 9.876555470059977804e-01 5.000000000000000104e-04
2.457769821735865436e+06 9.879374781672944916e-01 5.000000000000000104e-04
2.457769842167584691e+06 9.875984619323769920e-01 5.000000000000000104e-04
2.457769862599303480e+06 9.875653485576961765e-01 5.000000000000000104e-04
2.457769883031121921e+06 9.875322056438764484e-01 5.000000000000000104e-04
2.457769903462740127e+06 9.872821940201875757e-01 5.000000000000000104e-04
2.457769923894557636e+06 9.872491101846455619e-01 5.000000000000000104e-04
2.457769944326275028e+06 9.872160854273813735e-01 5.000000000000000104e-04
2.457769964757892303e+06 9.874735564437667756e-01 5.000000000000000104e-04
2.457769985189709347e+06 9.880575301317295889e-01 5.000000000000000104e-04
2.457770005621425807e+06 9.886259080002489652e-01 5.000000000000000104e-04
2.457770026053042151e+06 9.885930013995403165e-01 5.000000000000000104e-04
2.457770046484857798e+06 9.888533828533274672e-01 5.000000000000000104e-04
2.457770066916473210e+06 9.885272768155395351e-01 5.000000000000000104e-04
2.457770087348188274e+06 9.883103029197750633e-01 5.000000000000000104e-04
2.457770107780003455e+06 9.882397267809454044e-01 5.000000000000000104e-04
2.457770128211617935e+06 9.882447555706075359e-01 5.000000000000000104e-04
2.457770148643332068e+06 9.881742089709166788e-01 5.000000000000000104e-04
2.457770209938473068e+06 9.878444212842472094e-01 5.000000000000000104e-04
2.457770230370285921e+06 9.876892770546862321e-01 5.000000000000000104e-04
2.457770250801998191e+06 9.877792579438851028e-01 5.000000000000000104e-04
2.457770271233610809e+06 9.877466762737040495e-01 5.000000000000000104e-04
2.457770291665422730e+06 9.877141832209396233e-01 5.000000000000000104e-04
2.457770312097134069e+06 9.875591571479340747e-01 5.000000000000000104e-04
2.457770332528745290e+06 9.874633337319139725e-01 5.000000000000000104e-04
2.457770352960556280e+06 9.874308997574273716e-01 5.000000000000000104e-04
2.457770373392267153e+06 9.871562040444719077e-01 5.000000000000000104e-04
2.457770393823877443e+06 9.871238291482630212e-01 5.000000000000000104e-04
2.457770414255687501e+06 9.874809660611900686e-01 5.000000000000000104e-04
2.457770434687396977e+06 9.881358413950992459e-01 5.000000000000000104e-04
2.457770455119006336e+06 9.879188619390602000e-01 5.000000000000000104e-04
2.457770475550815463e+06 9.896659325166025090e-01 5.000000000000000104e-04
2.457770495982524473e+06 9.881092131537669854e-01 5.000000000000000104e-04
2.457770516414132435e+06 9.896147261783705407e-01 5.000000000000000104e-04
2.457770536845940631e+06 9.895825580561338208e-01 5.000000000000000104e-04
2.457770557277648244e+06 9.898032768876531273e-01 5.000000000000000104e-04
2.457770577709455974e+06 9.916857785813862902e-01 5.000000000000000104e-04
2.457770598141063005e+06 9.921649702431681872e-01 5.000000000000000104e-04
2.457770618572769687e+06 9.926203901805342733e-01 5.000000000000000104e-04
2.457770639004576020e+06 9.943723510803224030e-01 5.000000000000000104e-04
2.457770659436182585e+06 9.947489831758744572e-01 5.000000000000000104e-04
2.457770679867888335e+06 9.947170218276099041e-01 5.000000000000000104e-04
2.457770700299693737e+06 9.947529205742234870e-01 5.000000000000000104e-04
2.457770720731399022e+06 9.947210183042366483e-01 5.000000000000000104e-04
2.457770741163003724e+06 9.949862797037871687e-01 5.000000000000000104e-04
2.457770761594808195e+06 9.960923524705815879e-01 5.000000000000000104e-04
2.457770782026412431e+06 9.960605683571501778e-01 5.000000000000000104e-04
2.457770802458116319e+06 9.963191712597333494e-01 5.000000000000000104e-04
2.457770822889919858e+06 9.964709370589514004e-01 5.000000000000000104e-04
2.457770843321523163e+06 9.966494960045271245e-01 5.000000000000000104e-04
2.457770863753226120e+06 9.969006187411915132e-01 5.000000000000000104e-04
2.457770884185028728e+06 9.973064629735876041e-01 5.000000000000000104e-04
2.457770904616631102e+06 9.972748560949895591e-01 5.000000000000000104e-04
2.457770925048333127e+06 9.975014960397018404e-01 5.000000000000000104e-04
2.457770945480134804e+06 9.974699187002425971e-01 5.000000000000000104e-04
2.457770965911736246e+06 9.970558522260847267e-01 5.000000000000000104e-04
2.457770986343437340e+06 9.966233713746203149e-01 5.000000000000000104e-04
2.457771006775238086e+06 9.969928747819994941e-01 5.000000000000000104e-04
2.457771027206838597e+06 9.962883680712316670e-01 5.000000000000000104e-04
2.457771047638538759e+06 9.969300154944698011e-01 5.000000000000000104e-04
2.457771068070338573e+06 9.971304936174041345e-01 5.000000000000000104e-04
2.457771088502037805e+06 9.970991230519170578e-01 5.000000000000000104e-04
2.457771108933636919e+06 9.967344876906419904e-01 5.000000000000000104e-04
2.457771129365435801e+06 9.970365000774983333e-01 5.000000000000000104e-04
2.457771149797134567e+06 9.970052181294278837e-01 5.000000000000000104e-04
2.457771170228832867e+06 9.972851592524465403e-01 5.000000000000000104e-04
2.457771190660530701e+06 9.972539659217927177e-01 5.000000000000000104e-04
2.457771211092228070e+06 9.972610711876703782e-01 5.000000000000000104e-04
2.457771231524025556e+06 9.972299073961553573e-01 5.000000000000000104e-04
2.457771272387319244e+06 9.975514802325182728e-01 5.000000000000000104e-04
2.457771292819115333e+06 9.981942501664853307e-01 5.000000000000000104e-04
2.457771313250711653e+06 9.981632045315258495e-01 5.000000000000000104e-04
2.457771333682407159e+06 9.981322179748441936e-01 5.000000000000000104e-04
2.457771354114202783e+06 9.966356957574935560e-01 5.000000000000000104e-04
2.457771374545797706e+06 9.965391262301674935e-01 5.000000000000000104e-04
2.457771394977492280e+06 9.965082282909023537e-01 5.000000000000000104e-04
2.457771415409286972e+06 9.964773598907761265e-01 5.000000000000000104e-04
2.457771435840880964e+06 9.975264837447546107e-01 5.000000000000000104e-04
2.457771456272575073e+06 9.977713307083087013e-01 5.000000000000000104e-04
2.457771476704368368e+06 9.983217769684195053e-01 5.000000000000000104e-04
2.457771497135961894e+06 9.982910267248488179e-01 5.000000000000000104e-04
2.457771517567654606e+06 9.987467604297874946e-01 5.000000000000000104e-04
2.457771537999347318e+06 9.988371422037598535e-01 5.000000000000000104e-04
2.457771558431039564e+06 9.990934485488864869e-01 5.000000000000000104e-04
2.457771578862731811e+06 9.990628460010102518e-01 5.000000000000000104e-04
2.457771599294423126e+06 9.991381051099477162e-01 5.000000000000000104e-04
2.457771619726114441e+06 9.991075025620713701e-01 5.000000000000000104e-04
2.457771640157805756e+06 9.990769886316116510e-01 5.000000000000000104e-04
2.457771681021186989e+06 9.985660488047746197e-01 5.000000000000000104e-04
2.457771701452876907e+06 9.984399823850593769e-01 5.000000000000000104e-04
2.457771721884666942e+06 9.984095570720163959e-01 5.000000000000000104e-04
2.457771742316256277e+06 9.983791908372511292e-01 5.000000000000000104e-04
2.457771762748045847e+06 9.983487950633469499e-01 5.000000000000000104e-04
2.457771783179734368e+06 9.983184879068593975e-01 5.000000000000000104e-04
2.457771803611323237e+06 9.981872336358043052e-01 5.000000000000000104e-04
2.457771824043111410e+06 9.981569560184556655e-01 5.000000000000000104e-04
2.457771844474799465e+06 9.981267374793847402e-01 5.000000000000000104e-04
2.457771864906387404e+06 9.977648157841603194e-01 5.000000000000000104e-04
2.457771885338174645e+06 9.972328829806118566e-01 5.000000000000000104e-04
2.457771905769861769e+06 9.971979938597220761e-01 5.000000000000000104e-04
2.457771926201548427e+06 9.970336902432680448e-01 5.000000000000000104e-04
2.457771946633235086e+06 9.967251950449889097e-01 5.000000000000000104e-04
2.457771967064920813e+06 9.966874654617547957e-01 5.000000000000000104e-04
2.457771987496607006e+06 9.966573946183782118e-01 5.000000000000000104e-04
2.457772048791662790e+06 9.957068531884217810e-01 5.000000000000000104e-04
2.457772069223447237e+06 9.950471645236453888e-01 5.000000000000000104e-04
2.457772089655031450e+06 9.950173004542409716e-01 5.000000000000000104e-04
2.457772110086715780e+06 9.944398394809729202e-01 5.000000000000000104e-04
2.457772130518499296e+06 9.933577956933076214e-01 5.000000000000000104e-04
2.457772150950083043e+06 9.930368178818328451e-01 5.000000000000000104e-04
2.457772171381765977e+06 9.930070424298450549e-01 5.000000000000000104e-04
2.457772191813549027e+06 9.929773260561350900e-01 5.000000000000000104e-04
2.457772212245131377e+06 9.927690105976115786e-01 5.000000000000000104e-04
2.457772232676813379e+06 9.923924390817057128e-01 5.000000000000000104e-04
2.457772253108595498e+06 9.923627817862734624e-01 5.000000000000000104e-04
2.457772273540177383e+06 9.919721408245272265e-01 5.000000000000000104e-04
2.457772293971858453e+06 9.916714303352673898e-01 5.000000000000000104e-04
2.457772314403539523e+06 9.909314032539084938e-01 5.000000000000000104e-04
2.457772334835220128e+06 9.908686921320027929e-01 5.000000000000000104e-04
2.457772355267000850e+06 9.908391825322648838e-01 5.000000000000000104e-04
2.457772375698580872e+06 9.908428744546948774e-01 5.000000000000000104e-04
2.457772396130260546e+06 9.908134239332347937e-01 5.000000000000000104e-04
2.457772416562040336e+06 9.904218451031771009e-01 5.000000000000000104e-04
2.457772436993619427e+06 9.902889337301901129e-01 5.000000000000000104e-04
2.457772457425298169e+06 9.901485598383721332e-01 5.000000000000000104e-04
2.457772477857077029e+06 9.901192570126063908e-01 5.000000000000000104e-04
2.457772498288755305e+06 9.902009366354762587e-01 5.000000000000000104e-04
2.457772518720333464e+06 9.902629014691106679e-01 5.000000000000000104e-04
2.457772539152110927e+06 9.907141294312507007e-01 5.000000000000000104e-04
2.457772559583788738e+06 9.908934198043001240e-01 5.000000000000000104e-04
2.457772580015365500e+06 9.910850352855755663e-01 5.000000000000000104e-04
2.457772600447142497e+06 9.910558801555041653e-01 5.000000000000000104e-04
2.457772702605422121e+06 9.909106066705083427e-01 5.000000000000000104e-04
2.457772723037197255e+06 9.905043234216690529e-01 5.000000000000000104e-04
2.457772743468872271e+06 9.895266409137988273e-01 5.000000000000000104e-04
2.457772784332220908e+06 9.894688623581558984e-01 5.000000000000000104e-04
2.457772804763894528e+06 9.885153054456065069e-01 5.000000000000000104e-04
2.457772825195568148e+06 9.894112314982074219e-01 5.000000000000000104e-04
2.457772845627241768e+06 9.897580756738467711e-01 5.000000000000000104e-04
2.457772866058914457e+06 9.897293636308586162e-01 5.000000000000000104e-04
2.457772886490587145e+06 9.891401677781885837e-01 5.000000000000000104e-04
2.457772906922259834e+06 9.891114852743392305e-01 5.000000000000000104e-04
2.457772927353932057e+06 9.890828027704898773e-01 5.000000000000000104e-04
2.457772947785603814e+06 9.885111949722309443e-01 5.000000000000000104e-04
2.457772968217375223e+06 9.884825715466593055e-01 5.000000000000000104e-04
2.457772988648946397e+06 9.883887711831732537e-01 5.000000000000000104e-04
2.457773009080717340e+06 9.882783318316298304e-01 5.000000000000000104e-04
2.457773029512288049e+06 9.882498561017526439e-01 5.000000000000000104e-04
2.457773049943958409e+06 9.884734709896965121e-01 5.000000000000000104e-04
2.457773070375728887e+06 9.886566555082585417e-01 5.000000000000000104e-04
2.457773090807298664e+06 9.886282388566590695e-01 5.000000000000000104e-04
2.457773111238968093e+06 9.889946994553320270e-01 5.000000000000000104e-04
2.457773131670737173e+06 9.889663418820103802e-01 5.000000000000000104e-04
2.457773152102306020e+06 9.889379843086887334e-01 5.000000000000000104e-04
2.457773172533974983e+06 9.891295254280676463e-01 5.000000000000000104e-04
2.457773192965743132e+06 9.891857769019638535e-01 5.000000000000000104e-04
2.457773213397311047e+06 9.891575374851976354e-01 5.000000000000000104e-04
2.457773233828979079e+06 9.892209817848051090e-01 5.000000000000000104e-04
2.457773254260746296e+06 9.896287161150785217e-01 5.000000000000000104e-04
2.457773274692313746e+06 9.896005653157290416e-01 5.000000000000000104e-04
2.457773295123980381e+06 9.895724440555183632e-01 5.000000000000000104e-04
2.457773315555747133e+06 9.896766223456822109e-01 5.000000000000000104e-04
2.457773335987413302e+06 9.896485306246104452e-01 5.000000000000000104e-04
2.457773356418979354e+06 9.908443520022288675e-01 5.000000000000000104e-04
2.457773376850745175e+06 9.915269339125976078e-01 5.000000000000000104e-04
2.457773397282410879e+06 9.916416971298537275e-01 5.000000000000000104e-04
2.457773417713976000e+06 9.918452273243311135e-01 5.000000000000000104e-04
2.457773438145740889e+06 9.962837243453149805e-01 5.000000000000000104e-04
2.457773458577405196e+06 1.000000000000000000e+00 5.000000000000000104e-04
2.457773479009169620e+06 9.999721445920392027e-01 5.000000000000000104e-04
2.457773499440733809e+06 9.999443187232173180e-01 5.000000000000000104e-04
2.457773519872397650e+06 9.977073587742627536e-01 5.000000000000000104e-04
2.457773540304161143e+06 9.961893567175093001e-01 5.000000000000000104e-04
2.457773560735723935e+06 9.961615899269651297e-01 5.000000000000000104e-04
2.457773581167386845e+06 9.969009373262336382e-01 5.000000000000000104e-04
2.457773601599149872e+06 9.968732591531062059e-01 5.000000000000000104e-04
2.457773642462374177e+06 9.971863599031505210e-01 5.000000000000000104e-04
2.457773662894135807e+06 9.975009700873466167e-01 5.000000000000000104e-04
2.457773683325697202e+06 9.974734100707746132e-01 5.000000000000000104e-04
2.457773703757358249e+06 9.974458795933415223e-01 5.000000000000000104e-04
2.457773724189019296e+06 9.973069115551685959e-01 5.000000000000000104e-04
2.457773744620679878e+06 9.966638305477188986e-01 5.000000000000000104e-04
2.457773765052340459e+06 9.966063024408492454e-01 5.000000000000000104e-04
2.457773785484000575e+06 9.965789196591104959e-01 5.000000000000000104e-04
2.457773805915660225e+06 9.965515368773717464e-01 5.000000000000000104e-04
2.457773826347319875e+06 9.963574948324556146e-01 5.000000000000000104e-04
2.457773846779078711e+06 9.958669187802038358e-01 5.000000000000000104e-04
2.457773867210637778e+06 9.950643772495093575e-01 5.000000000000000104e-04
2.457773887642296497e+06 9.950371421634650604e-01 5.000000000000000104e-04
2.457773908074054867e+06 9.950099070774206522e-01 5.000000000000000104e-04
2.457773928505613003e+06 9.952994479317675003e-01 5.000000000000000104e-04
2.457773948937270790e+06 9.952722719240008065e-01 5.000000000000000104e-04
2.457773969369028229e+06 9.964354445960411644e-01 5.000000000000000104e-04
2.457773989800585434e+06 9.953973679440784039e-01 5.000000000000000104e-04
2.457774010232342407e+06 9.953413876482553047e-01 5.000000000000000104e-04
2.457774030663999263e+06 9.953143297970441505e-01 5.000000000000000104e-04
2.457774051095555536e+06 9.953161943904450526e-01 5.000000000000000104e-04
2.457774071527311578e+06 9.952603027120385804e-01 5.000000000000000104e-04
2.457774091958967503e+06 9.939134190756560017e-01 5.000000000000000104e-04
2.457774112390523311e+06 9.938865089201392999e-01 5.000000000000000104e-04
2.457774132822278421e+06 9.956928373980414859e-01 5.000000000000000104e-04
2.457774153253933415e+06 9.942466363041172484e-01 5.000000000000000104e-04
2.457774173685587943e+06 9.942197852268782610e-01 5.000000000000000104e-04
2.457774194117242470e+06 9.941930227670560116e-01 5.000000000000000104e-04
2.457774214548896998e+06 9.940734593995020907e-01 5.000000000000000104e-04
2.457774234980550595e+06 9.929711402598390135e-01 5.000000000000000104e-04
2.457774296275510918e+06 9.928022890200279837e-01 5.000000000000000104e-04
2.457774316707263701e+06 9.926692064184063913e-01 5.000000000000000104e-04
2.457774337138816249e+06 9.918268388459287044e-01 5.000000000000000104e-04
2.457774357570468448e+06 9.908561565145203032e-01 5.000000000000000104e-04
2.457774378002220299e+06 9.908296008286701095e-01 5.000000000000000104e-04
2.457774398433771916e+06 9.901104763225779815e-01 5.000000000000000104e-04
2.457774418865423650e+06 9.900840092541444148e-01 5.000000000000000104e-04
2.457774459728725720e+06 9.910458112155710042e-01 5.000000000000000104e-04
2.457774480160376057e+06 9.910194032254151519e-01 5.000000000000000104e-04
2.457774500592026394e+06 9.900052889462428451e-01 5.000000000000000104e-04
2.457774521023676731e+06 9.902812960552579424e-01 5.000000000000000104e-04
2.457774541455326136e+06 9.899526502007645057e-01 5.000000000000000104e-04
2.457774561886976007e+06 9.892116699781318134e-01 5.000000000000000104e-04
2.457774582318624947e+06 9.887409014413801600e-01 5.000000000000000104e-04
2.457774602750374004e+06 9.891592084674866170e-01 5.000000000000000104e-04
2.457774623181922827e+06 9.886885285481517016e-01 5.000000000000000104e-04
2.457774643613571301e+06 9.886623864102457304e-01 5.000000000000000104e-04
2.457774664045319427e+06 9.886362147332009576e-01 5.000000000000000104e-04
2.457774684476966970e+06 9.886034848147379206e-01 5.000000000000000104e-04
2.457774704908514861e+06 9.885044283607158366e-01 5.000000000000000104e-04
2.457774725340262055e+06 9.884783748402266035e-01 5.000000000000000104e-04
2.457774745771909133e+06 9.884523508588761720e-01 5.000000000000000104e-04
2.457774766203456093e+06 9.884263859558034548e-01 5.000000000000000104e-04
2.457774786635202356e+06 9.898206501551866099e-01 5.000000000000000104e-04
2.457774807066848967e+06 9.897947147912528054e-01 5.000000000000000104e-04
2.457774827498394996e+06 9.897688385055968263e-01 5.000000000000000104e-04
2.457774847930140328e+06 9.890047951821980821e-01 5.000000000000000104e-04
2.457774868361786008e+06 9.889789779748198173e-01 5.000000000000000104e-04
2.457774888793331105e+06 9.883340914134858268e-01 5.000000000000000104e-04
2.457774909225075971e+06 9.877216832593701534e-01 5.000000000000000104e-04
2.457774929656720720e+06 9.876959546694085157e-01 5.000000000000000104e-04
2.457774950088264886e+06 9.874144522383040412e-01 5.000000000000000104e-04
2.457774970520009287e+06 9.863594192854681086e-01 5.000000000000000104e-04
2.457774990951653104e+06 9.871941025668372616e-01 5.000000000000000104e-04
2.457775011383296456e+06 9.871684625942921398e-01 5.000000000000000104e-04
2.457775031814939808e+06 9.863133213024627421e-01 5.000000000000000104e-04
2.457775052246583160e+06 9.862877699473343585e-01 5.000000000000000104e-04
2.457775072678225581e+06 9.862622481313447764e-01 5.000000000000000104e-04
2.457775093109868467e+06 9.858494268940263261e-01 5.000000000000000104e-04
2.457775113541510422e+06 9.855078853108864001e-01 5.000000000000000104e-04
2.457775195268176962e+06 9.854063297514280562e-01 5.000000000000000104e-04
2.457775215699717868e+06 9.853809851702718392e-01 5.000000000000000104e-04
2.457775236131358426e+06 9.857719764862784562e-01 5.000000000000000104e-04
2.457775256563098636e+06 9.857466909833999535e-01 5.000000000000000104e-04
2.457775276994639076e+06 9.858563939272714238e-01 5.000000000000000104e-04
2.457775297426278703e+06 9.858311675026706355e-01 5.000000000000000104e-04
2.457775317858018447e+06 9.858060001563476726e-01 5.000000000000000104e-04
2.457775338289557490e+06 9.861209982380737538e-01 5.000000000000000104e-04
2.457775358721196651e+06 9.865815029486303400e-01 5.000000000000000104e-04
2.457775379152935464e+06 9.865564242197240041e-01 5.000000000000000104e-04
2.457775399584474042e+06 9.865314045690953826e-01 5.000000000000000104e-04
2.457775420016112272e+06 9.860669588817793096e-01 5.000000000000000104e-04
2.457775440447850153e+06 9.860419687702896008e-01 5.000000000000000104e-04
2.457775460879388265e+06 9.860170377370776063e-01 5.000000000000000104e-04
2.457775481311025564e+06 9.867979017821435495e-01 5.000000000000000104e-04
2.457775501742762979e+06 9.879596911239520995e-01 5.000000000000000104e-04
2.457775522174399812e+06 9.885783950601901848e-01 5.000000000000000104e-04
2.457775542605936527e+06 9.886814005333506294e-01 5.000000000000000104e-04
2.457775563037673011e+06 9.886565876566941746e-01 5.000000000000000104e-04
2.457775603900845163e+06 9.887181671866405175e-01 5.000000000000000104e-04
2.457775624332580715e+06 9.886934429274006897e-01 5.000000000000000104e-04
2.457775644764216151e+06 9.886687186681607509e-01 5.000000000000000104e-04
2.457775665195951238e+06 9.886440830263375501e-01 5.000000000000000104e-04
2.457775685627486091e+06 9.890405816540197570e-01 5.000000000000000104e-04
2.457775706059121061e+06 9.891064495609096507e-01 5.000000000000000104e-04
2.457775726490855217e+06 9.893848544774486164e-01 5.000000000000000104e-04
2.457775746922389604e+06 9.889668519633834087e-01 5.000000000000000104e-04
2.457775808217290323e+06 9.888933881249968305e-01 5.000000000000000104e-04
2.457775828648923431e+06 9.888606134129148684e-01 5.000000000000000104e-04
2.457775849080656189e+06 9.888362140842026360e-01 5.000000000000000104e-04
2.457775869512188714e+06 9.888118738337682290e-01 5.000000000000000104e-04
2.457775889943820890e+06 9.891619982822449364e-01 5.000000000000000104e-04
2.457775910375553183e+06 9.891544029944150385e-01 5.000000000000000104e-04
2.457775930807084776e+06 9.891300922831194331e-01 5.000000000000000104e-04
2.457775951238716487e+06 9.890891843049137711e-01 5.000000000000000104e-04
2.457775971670347732e+06 9.883787717787376748e-01 5.000000000000000104e-04
2.457775992101978976e+06 9.881389488813455690e-01 5.000000000000000104e-04
2.457776012533609755e+06 9.881147858657443050e-01 5.000000000000000104e-04
2.457776032965340186e+06 9.883062827319341048e-01 5.000000000000000104e-04
2.457776053396870382e+06 9.895000072806789948e-01 5.000000000000000104e-04
2.457776073828500696e+06 9.894759328824944689e-01 5.000000000000000104e-04
2.457776094260230195e+06 9.894518880234487446e-01 5.000000000000000104e-04
2.457776114691759925e+06 9.894278727035419330e-01 5.000000000000000104e-04
2.457776135123388842e+06 9.894389048833446276e-01 5.000000000000000104e-04
2.457776155555117875e+06 9.890334419990532977e-01 5.000000000000000104e-04
2.457776175986646675e+06 9.890095152965632241e-01 5.000000000000000104e-04
2.457776196418375243e+06 9.889856181332118412e-01 5.000000000000000104e-04
2.457776216850003693e+06 9.889414830453485683e-01 5.000000000000000104e-04
2.457776237281531561e+06 9.889176744994139234e-01 5.000000000000000104e-04
2.457776298576414119e+06 9.888463374790265048e-01 5.000000000000000104e-04
2.457776319008141290e+06 9.895280229070471112e-01 5.000000000000000104e-04
2.457776339439767879e+06 9.896718423722227209e-01 5.000000000000000104e-04
2.457776359871394467e+06 9.896482110611213301e-01 5.000000000000000104e-04
2.457776380303020589e+06 9.901654553258801839e-01 5.000000000000000104e-04
2.457776400734646711e+06 9.894963428715831677e-01 5.000000000000000104e-04
2.457776421166272368e+06 9.901182813210940292e-01 5.000000000000000104e-04
2.457776441597898025e+06 9.903086743344393650e-01 5.000000000000000104e-04
2.457776462029523216e+06 9.902851907190323155e-01 5.000000000000000104e-04
2.457776482461147942e+06 9.902617071036252661e-01 5.000000000000000104e-04
2.457776564187745564e+06 9.904847814285309138e-01 5.000000000000000104e-04
2.457776584619269241e+06 9.904614750479571184e-01 5.000000000000000104e-04
2.457776605050893035e+06 9.922658678323341697e-01 5.000000000000000104e-04
2.457776625482616015e+06 9.930008764351139217e-01 5.000000000000000104e-04
2.457776645914139226e+06 9.949625009639740947e-01 5.000000000000000104e-04
2.457776707209006883e+06 9.948929658310582402e-01 5.000000000000000104e-04
2.457776727640728932e+06 9.950788318327381532e-01 5.000000000000000104e-04
2.457776748072250746e+06 9.955408090565056600e-01 5.000000000000000104e-04
2.457776768503872212e+06 9.955177389890429440e-01 5.000000000000000104e-04
2.457776788935593329e+06 9.954947279998579424e-01 5.000000000000000104e-04
2.457776809367114212e+06 9.955873790094040832e-01 5.000000000000000104e-04
2.457776829798735213e+06 9.972934435839745371e-01 5.000000000000000104e-04
2.457776891093596350e+06 9.974744963310190338e-01 5.000000000000000104e-04
2.457776911525316071e+06 9.974516330375284845e-01 5.000000000000000104e-04
2.457776931956935674e+06 9.974288583614544512e-01 5.000000000000000104e-04
2.457776952388455160e+06 9.974060541462416163e-01 5.000000000000000104e-04
2.457776972820173949e+06 9.973500113666997624e-01 5.000000000000000104e-04
2.457776993251793087e+06 9.973272662297646418e-01 5.000000000000000104e-04
2.457777013683311641e+06 9.974624532236446850e-01 5.000000000000000104e-04
2.457777034115029965e+06 9.974397967041261914e-01 5.000000000000000104e-04
2.457777054546648171e+06 9.974696761704632264e-01 5.000000000000000104e-04
2.457777074978165794e+06 9.974470491900836455e-01 5.000000000000000104e-04
2.457777095409883652e+06 9.974150153570084942e-01 5.000000000000000104e-04
2.457777115841500927e+06 9.973924769940455404e-01 5.000000000000000104e-04
2.457777136273018084e+06 9.978495704599926741e-01 5.000000000000000104e-04
2.457777156704735011e+06 9.973474593463973470e-01 5.000000000000000104e-04
2.457777177136351820e+06 9.977276051890732189e-01 5.000000000000000104e-04
2.457777197568068281e+06 9.977821916842147809e-01 5.000000000000000104e-04
2.457777217999584507e+06 9.976827647762582796e-01 5.000000000000000104e-04
2.457777238431200385e+06 9.974232212151150634e-01 5.000000000000000104e-04
2.457777258862915915e+06 9.976380720591377926e-01 5.000000000000000104e-04
2.457777320157761686e+06 9.979953114227045896e-01 5.000000000000000104e-04
2.457777340589376632e+06 9.973118291224107868e-01 5.000000000000000104e-04
2.457777361020890996e+06 9.970848058717661777e-01 5.000000000000000104e-04
2.457777381452505477e+06 9.970626515176086446e-01 5.000000000000000104e-04
2.457777401884119492e+06 9.965395554531469857e-01 5.000000000000000104e-04
2.457777422315733507e+06 9.965152826310781364e-01 5.000000000000000104e-04
2.457777442747447174e+06 9.958392297529158332e-01 5.000000000000000104e-04
2.457777463178960141e+06 9.957656142867815641e-01 5.000000000000000104e-04
2.457777483610573225e+06 9.953105238886993389e-01 5.000000000000000104e-04
2.457777504042286426e+06 9.957216305089940933e-01 5.000000000000000104e-04
2.457777524473798927e+06 9.956996533896697033e-01 5.000000000000000104e-04
2.457777565337123349e+06 9.958744242913821765e-01 5.000000000000000104e-04
2.457777585768635385e+06 9.958525948677523498e-01 5.000000000000000104e-04
2.457777606200247072e+06 9.958307654441224122e-01 5.000000000000000104e-04
2.457777626631958876e+06 9.955268734098150496e-01 5.000000000000000104e-04
2.457777647063469980e+06 9.945041260279896544e-01 5.000000000000000104e-04
2.457777667495180853e+06 9.942609719745396646e-01 5.000000000000000104e-04
2.457777687926791608e+06 9.942301923756211579e-01 5.000000000000000104e-04
2.457777708358402364e+06 9.940585998169539916e-01 5.000000000000000104e-04
2.457777728790012654e+06 9.939673719470251134e-01 5.000000000000000104e-04
2.457777749221622478e+06 9.938206708843407844e-01 5.000000000000000104e-04
2.457777769653232303e+06 9.928456553015008179e-01 5.000000000000000104e-04
2.457777790084842127e+06 9.928241212692596740e-01 5.000000000000000104e-04
2.457777810516451485e+06 9.921109521919361240e-01 5.000000000000000104e-04
2.457777830948060378e+06 9.924190038509261846e-01 5.000000000000000104e-04
2.457777851379669271e+06 9.920679727448704632e-01 5.000000000000000104e-04
2.457777871811278164e+06 9.913030566054413795e-01 5.000000000000000104e-04
2.457777892242886592e+06 9.909541223772326823e-01 5.000000000000000104e-04
2.457777912674594671e+06 9.909327360406858798e-01 5.000000000000000104e-04
2.457777933106102515e+06 9.904706231286418694e-01 5.000000000000000104e-04
2.457777953537710477e+06 9.895824761602324271e-01 5.000000000000000104e-04
2.457777973969418090e+06 9.894205715050453653e-01 5.000000000000000104e-04
2.457777994400925469e+06 9.893993033250541025e-01 5.000000000000000104e-04
2.457778014832532499e+06 9.893780942233405540e-01 5.000000000000000104e-04
2.457778035264239181e+06 9.893568851216270055e-01 5.000000000000000104e-04
2.457778055695745628e+06 9.895607063153660787e-01 5.000000000000000104e-04
2.457778076127352193e+06 9.895395562919303556e-01 5.000000000000000104e-04
2.457778096558958292e+06 9.898067879093020993e-01 5.000000000000000104e-04
2.457778116990564391e+06 9.885437535086983862e-01 5.000000000000000104e-04
2.457778137422270142e+06 9.885227216418182028e-01 5.000000000000000104e-04
2.457778157853775192e+06 9.883889456229181247e-01 5.000000000000000104e-04
2.457778178285380825e+06 9.884806874471965266e-01 5.000000000000000104e-04
2.457778198717085645e+06 9.883470000457131865e-01 5.000000000000000104e-04
2.457778219148590229e+06 9.868726693720958343e-01 5.000000000000000104e-04
2.457778239580194931e+06 9.868517852009098812e-01 5.000000000000000104e-04
2.457778260011899285e+06 9.870212033033635146e-01 5.000000000000000104e-04
2.457778280443503521e+06 9.870003782104553869e-01 5.000000000000000104e-04
2.457778300875007175e+06 9.869795531175472592e-01 5.000000000000000104e-04
2.457778321306711063e+06 9.870023223020036873e-01 5.000000000000000104e-04
2.457778341738314368e+06 9.869815858265121866e-01 5.000000000000000104e-04
2.457778362169817556e+06 9.869608493510206859e-01 5.000000000000000104e-04
2.457778382601520512e+06 9.864446279681949870e-01 5.000000000000000104e-04
2.457778403033123352e+06 9.868228318502304530e-01 5.000000000000000104e-04
2.457778423464625608e+06 9.868021839921555793e-01 5.000000000000000104e-04
2.457778443896328099e+06 9.867815952123585310e-01 5.000000000000000104e-04
2.457778464327930007e+06 9.867610064325613717e-01 5.000000000000000104e-04
2.457778484759432264e+06 9.876082369046342846e-01 5.000000000000000104e-04
2.457778505191133823e+06 9.877189326778780254e-01 5.000000000000000104e-04
2.457778525622735266e+06 9.881061206721142298e-01 5.000000000000000104e-04
2.457778546054336242e+06 9.895148364138948160e-01 5.000000000000000104e-04
2.457778566485937219e+06 9.897684504336710098e-01 5.000000000000000104e-04
2.457778586917538196e+06 9.897480684278461283e-01 5.000000000000000104e-04
2.457778607349238358e+06 9.900070517427701500e-01 5.000000000000000104e-04
2.457778627780738752e+06 9.899866697369451574e-01 5.000000000000000104e-04
2.457778648212338798e+06 9.896870405669266901e-01 5.000000000000000104e-04
2.457778668644038495e+06 9.896604780594632222e-01 5.000000000000000104e-04
2.457778689075538423e+06 9.898946476510034342e-01 5.000000000000000104e-04
2.457778709507138003e+06 9.896845185154753421e-01 5.000000000000000104e-04
2.457778729938836768e+06 9.896643137444837146e-01 5.000000000000000104e-04
2.457778750370435882e+06 9.896441975909086031e-01 5.000000000000000104e-04
2.457778770801934879e+06 9.896240518981946899e-01 5.000000000000000104e-04
2.457778832096729428e+06 9.893370899069182656e-01 5.000000000000000104e-04
2.457778852528427262e+06 9.886013090007350623e-01 5.000000000000000104e-04
2.457778872959925327e+06 9.885813405428544032e-01 5.000000000000000104e-04
2.457778893391522579e+06 9.891138822712702838e-01 5.000000000000000104e-04
2.457778913823219948e+06 9.890939728916673390e-01 5.000000000000000104e-04
2.457778934254716616e+06 9.890740635120643942e-01 5.000000000000000104e-04
2.457778954686313402e+06 9.891079890475882319e-01 5.000000000000000104e-04
2.457778975118010305e+06 9.890881387462631125e-01 5.000000000000000104e-04
2.457778995549506508e+06 9.901138759631692432e-01 5.000000000000000104e-04
2.457779015981102828e+06 9.900941438183995524e-01 5.000000000000000104e-04
2.457779036412798334e+06 9.900743821344910600e-01 5.000000000000000104e-04
2.457779056844294071e+06 9.894965653090850299e-01 5.000000000000000104e-04
2.457779077275989577e+06 9.894768922425931645e-01 5.000000000000000104e-04
2.457779097707584966e+06 9.894572487152401008e-01 5.000000000000000104e-04
2.457779118139179889e+06 9.902388776073586252e-01 5.000000000000000104e-04
2.457779138570774812e+06 9.907734860980943470e-01 5.000000000000000104e-04
2.457779159002369735e+06 9.907539311881579103e-01 5.000000000000000104e-04
2.457779179433963727e+06 9.907344058173603862e-01 5.000000000000000104e-04
2.457779199865658302e+06 9.903566898170156341e-01 5.000000000000000104e-04
2.457779220297152176e+06 9.894153947413145689e-01 5.000000000000000104e-04
2.457779240728745703e+06 9.893959284487947592e-01 5.000000000000000104e-04
2.457779261160439346e+06 9.893765507736915765e-01 5.000000000000000104e-04
2.457779302023525815e+06 9.895996434298750533e-01 5.000000000000000104e-04
2.457779322455218993e+06 9.899596651016765447e-01 5.000000000000000104e-04
2.457779342886711471e+06 9.902654939952264534e-01 5.000000000000000104e-04
2.457779363318304066e+06 9.906992193888457532e-01 5.000000000000000104e-04
2.457779383749996312e+06 9.908651622127523373e-01 5.000000000000000104e-04
2.457779404181488324e+06 9.908459322333436070e-01 5.000000000000000104e-04
2.457779424613079987e+06 9.908424749325492886e-01 5.000000000000000104e-04
2.457779445044771768e+06 9.908076199702203768e-01 5.000000000000000104e-04
2.457779465476263314e+06 9.908042217477038838e-01 5.000000000000000104e-04
2.457779485907854512e+06 9.907851394639894949e-01 5.000000000000000104e-04
2.457779526771036442e+06 9.907470635139773441e-01 5.000000000000000104e-04
2.457779547202726826e+06 9.910348264865864731e-01 5.000000000000000104e-04
2.457779567634317093e+06 9.918934530791558846e-01 5.000000000000000104e-04
2.457779588065807242e+06 9.918745184911358370e-01 5.000000000000000104e-04
2.457779608497497160e+06 9.928930803599406163e-01 5.000000000000000104e-04
2.457779628929086961e+06 9.931837192614948462e-01 5.000000000000000104e-04
2.457779649360576645e+06 9.931648437517526240e-01 5.000000000000000104e-04
2.457779669792266097e+06 9.931460568594270288e-01 5.000000000000000104e-04
2.457779690223854966e+06 9.949253629215999428e-01 5.000000000000000104e-04
2.457779710655344184e+06 9.949141147974925881e-01 5.000000000000000104e-04
2.457779731087032706e+06 9.948879072935042922e-01 5.000000000000000104e-04
2.457779751518621109e+06 9.948692090185952130e-01 5.000000000000000104e-04
2.457779771950109396e+06 9.948580199727655726e-01 5.000000000000000104e-04
2.457779792381797452e+06 9.949331098094043035e-01 5.000000000000000104e-04
2.457779812813385390e+06 9.946698005085655714e-01 5.000000000000000104e-04
2.457779833244873211e+06 9.956499781245172764e-01 5.000000000000000104e-04
2.457779853676560801e+06 9.956314275453026497e-01 5.000000000000000104e-04
2.457779874108147807e+06 9.956129360443658483e-01 5.000000000000000104e-04
2.457779894539635163e+06 9.955944150042901342e-01 5.000000000000000104e-04
2.457779914971321821e+06 9.956643548137452671e-01 5.000000000000000104e-04
2.457779935402908362e+06 9.956459223910861800e-01 5.000000000000000104e-04
2.457779955834595021e+06 9.956275195075660056e-01 5.000000000000000104e-04
2.457779976266080979e+06 9.929953342114162806e-01 5.000000000000000104e-04
2.457779996697667055e+06 9.929769904061738206e-01 5.000000000000000104e-04
2.457780017129352782e+06 9.926329470210617512e-01 5.000000000000000104e-04
2.457780037560938857e+06 9.926146622940970055e-01 5.000000000000000104e-04
2.457780057992423885e+06 9.925964071062711724e-01 5.000000000000000104e-04
2.457780078424109146e+06 9.924570597212289957e-01 5.000000000000000104e-04
2.457780098855694290e+06 9.917444463312322656e-01 5.000000000000000104e-04
2.457780119287179317e+06 9.917149173611061741e-01 5.000000000000000104e-04
2.457780139718863647e+06 9.908427192819281304e-01 5.000000000000000104e-04
2.457780160150448326e+06 9.908246413289355514e-01 5.000000000000000104e-04
2.457780180581932422e+06 9.908065633759429724e-01 5.000000000000000104e-04
2.457780201013616286e+06 9.921255666341751711e-01 5.000000000000000104e-04
2.457780221445200033e+06 9.921075772985992192e-01 5.000000000000000104e-04
2.457780241876683664e+06 9.920895879630232672e-01 5.000000000000000104e-04
2.457780262308367062e+06 9.900361478418227001e-01 5.000000000000000104e-04
2.457780282739950344e+06 9.900182175845245736e-01 5.000000000000000104e-04
2.457780344034598675e+06 9.899646631257410512e-01 5.000000000000000104e-04
2.457780364466181025e+06 9.910654323233879515e-01 5.000000000000000104e-04
2.457780384897863492e+06 9.914721213552627477e-01 5.000000000000000104e-04
2.457780405329345260e+06 9.925845028314049800e-01 5.000000000000000104e-04
2.457780425761027262e+06 9.936488084026465772e-01 5.000000000000000104e-04
2.457780446192608681e+06 9.936939232972505920e-01 5.000000000000000104e-04
2.457780466624190100e+06 9.939918627870050205e-01 5.000000000000000104e-04
2.457780487055771518e+06 9.939742574602344893e-01 5.000000000000000104e-04
2.457780507487352472e+06 9.939566521334639582e-01 5.000000000000000104e-04
2.457780527918933425e+06 9.942906662546400209e-01 5.000000000000000104e-04
2.457780548350513913e+06 9.942731200061472041e-01 5.000000000000000104e-04
2.457780568782094400e+06 9.947564452686510350e-01 5.000000000000000104e-04
2.457780589213674422e+06 9.947389580984360435e-01 5.000000000000000104e-04
2.457780609645354562e+06 9.947215300064987664e-01 5.000000000000000104e-04
2.457780630076834466e+06 9.945623383509777371e-01 5.000000000000000104e-04
2.457780650508414023e+06 9.944347141646771027e-01 5.000000000000000104e-04
2.457780670940093230e+06 9.939745106626514115e-01 5.000000000000000104e-04
2.457780691371572670e+06 9.939572007272696741e-01 5.000000000000000104e-04
2.457780752666309476e+06 9.929184020569539193e-01 5.000000000000000104e-04
2.457780773097887635e+06 9.928754080766661883e-01 5.000000000000000104e-04
2.457780793529565912e+06 9.919527635821375755e-01 5.000000000000000104e-04
2.457780813961043954e+06 9.917060172268963303e-01 5.000000000000000104e-04
2.457780834392721765e+06 9.914892872807066215e-01 5.000000000000000104e-04
2.457780854824299458e+06 9.914721841192969398e-01 5.000000000000000104e-04
2.457780875255877152e+06 9.910411046012729264e-01 5.000000000000000104e-04
2.457780895687454380e+06 9.914381254921720288e-01 5.000000000000000104e-04
2.457780916119031608e+06 9.910070755132869280e-01 5.000000000000000104e-04
2.457780936550608370e+06 9.915564020899203523e-01 5.000000000000000104e-04
2.457780956982185133e+06 9.915394761633439247e-01 5.000000000000000104e-04
2.457780977413761895e+06 9.920126433225635587e-01 5.000000000000000104e-04
2.457780997845338192e+06 9.915057129276078074e-01 5.000000000000000104e-04
2.457781018276914489e+06 9.921683929862661344e-01 5.000000000000000104e-04
2.457781038708490320e+06 9.921515852162452465e-01 5.000000000000000104e-04
2.457781059139966033e+06 9.916541086471538646e-01 5.000000000000000104e-04
2.457781079571641516e+06 9.909855290782677573e-01 5.000000000000000104e-04
2.457781100003216881e+06 9.916206408028064301e-01 5.000000000000000104e-04
2.457781120434692129e+06 9.905224412433613068e-01 5.000000000000000104e-04
2.457781140866367146e+06 9.903961024573190164e-01 5.000000000000000104e-04
2.457781161297942046e+06 9.903794719221313825e-01 5.000000000000000104e-04
2.457781181729416829e+06 9.903628413869438596e-01 5.000000000000000104e-04
2.457781202161091380e+06 9.898021192013038982e-01 5.000000000000000104e-04
2.457781222592665348e+06 9.897855772835328914e-01 5.000000000000000104e-04
2.457781243024339434e+06 9.904177750886832277e-01 5.000000000000000104e-04
2.457781263455813285e+06 9.897525820654076156e-01 5.000000000000000104e-04
2.457781283887387253e+06 9.894211615973290685e-01 5.000000000000000104e-04
2.457781304319060408e+06 9.894047378361136014e-01 5.000000000000000104e-04
2.457781324750533793e+06 9.893883436140370469e-01 5.000000000000000104e-04
2.457781345182107296e+06 9.893719789310992940e-01 5.000000000000000104e-04
2.457781365613779984e+06 9.887872256955649863e-01 5.000000000000000104e-04
2.457781386045252904e+06 9.878668865251353237e-01 5.000000000000000104e-04
2.457781406476825476e+06 9.872435412584377179e-01 5.000000000000000104e-04
2.457781426908497699e+06 9.872272947320555048e-01 5.000000000000000104e-04
2.457781447340069804e+06 9.872110777448122043e-01 5.000000000000000104e-04
2.457781488203214016e+06 9.884898997382396413e-01 5.000000000000000104e-04
2.457781508634785656e+06 9.887817061057223578e-01 5.000000000000000104e-04
2.457781529066257179e+06 9.890573286335296865e-01 5.000000000000000104e-04
2.457781549497928470e+06 9.892123575808892122e-01 5.000000000000000104e-04
2.457781569929499179e+06 9.891963178284791658e-01 5.000000000000000104e-04
2.457781590360970236e+06 9.891803371543468337e-01 5.000000000000000104e-04
2.457781610792641062e+06 9.886151958234900006e-01 5.000000000000000104e-04
2.457781631224211771e+06 9.875328270968908306e-01 5.000000000000000104e-04
2.457781651655882131e+06 9.874725620731997777e-01 5.000000000000000104e-04
2.457781672087352257e+06 9.870684957219282296e-01 5.000000000000000104e-04
2.457781733382061590e+06 9.870209967866144796e-01 5.000000000000000104e-04
2.457781753813630901e+06 9.873934267201489590e-01 5.000000000000000104e-04
2.457781774245200213e+06 9.873776528199887936e-01 5.000000000000000104e-04
2.457781794676769525e+06 9.870086553620427416e-01 5.000000000000000104e-04
2.457781835539907217e+06 9.871769161966087447e-01 5.000000000000000104e-04
2.457781917266180273e+06 9.869218099601817507e-01 5.000000000000000104e-04
2.457781937697748188e+06 9.869063019122714664e-01 5.000000000000000104e-04
2.457781958129415754e+06 9.870836906743137851e-01 5.000000000000000104e-04
2.457781978560883086e+06 9.873627174135906071e-01 5.000000000000000104e-04
2.457781998992450535e+06 9.873472979830968388e-01 5.000000000000000104e-04
2.457782019424117636e+06 9.873319376308810069e-01 5.000000000000000104e-04
2.457782039855584502e+06 9.863098409059776195e-01 5.000000000000000104e-04
2.457782060287251603e+06 9.862945100929005893e-01 5.000000000000000104e-04
2.457782080718818121e+06 9.862792383581012734e-01 5.000000000000000104e-04
2.457782101150284521e+06 9.862915329474624127e-01 5.000000000000000104e-04
2.457782121581950691e+06 9.872023428879650453e-01 5.000000000000000104e-04
2.457782142013516743e+06 9.872440100373059968e-01 5.000000000000000104e-04
2.457782162444982678e+06 9.872288269199233079e-01 5.000000000000000104e-04
2.457782182876648381e+06 9.871843016539496585e-01 5.000000000000000104e-04
2.457782203308213968e+06 9.871985788417135810e-01 5.000000000000000104e-04
2.457782223739678971e+06 9.871540831148787332e-01 5.000000000000000104e-04
2.457782244171344209e+06 9.871390476931904967e-01 5.000000000000000104e-04
2.457782264602909330e+06 9.875316463165936254e-01 5.000000000000000104e-04
2.457782285034473985e+06 9.882703696753788458e-01 5.000000000000000104e-04
2.457782305466039106e+06 9.875016936297725811e-01 5.000000000000000104e-04
2.457782325897603296e+06 9.884059934746860510e-01 5.000000000000000104e-04
2.457782346329167485e+06 9.896284665167504047e-01 5.000000000000000104e-04
2.457782407623859588e+06 9.901613703086525886e-01 5.000000000000000104e-04
2.457782428055423312e+06 9.901416364299303607e-01 5.000000000000000104e-04
2.457782448486986570e+06 9.903919676589993948e-01 5.000000000000000104e-04
2.457782468918649945e+06 9.904503833246762756e-01 5.000000000000000104e-04
2.457782489350113086e+06 9.904356728335156346e-01 5.000000000000000104e-04
2.457782509781675879e+06 9.900828240044267092e-01 5.000000000000000104e-04
2.457782530213338789e+06 9.900393322694402976e-01 5.000000000000000104e-04
2.457782550644801464e+06 9.900247399348351962e-01 5.000000000000000104e-04
2.457782571076363791e+06 9.900101476002299838e-01 5.000000000000000104e-04
2.457782591508025769e+06 9.923240553901332417e-01 5.000000000000000104e-04
2.457782611939487979e+06 9.926443694288789032e-01 5.000000000000000104e-04
2.457782632371049840e+06 9.941744427390248884e-01 5.000000000000000104e-04
2.457782652802711818e+06 9.941599685609752157e-01 5.000000000000000104e-04
2.457782673234173097e+06 9.945615149751777517e-01 5.000000000000000104e-04
2.457782693665734492e+06 9.945471294145447061e-01 5.000000000000000104e-04
2.457782714097396005e+06 9.950226992284698646e-01 5.000000000000000104e-04
2.457782734528856818e+06 9.952068358683372473e-01 5.000000000000000104e-04
2.457782754960417747e+06 9.951925093859820270e-01 5.000000000000000104e-04
2.457782775392078795e+06 9.940681268894966394e-01 5.000000000000000104e-04
2.457782795823639259e+06 9.940538594854192445e-01 5.000000000000000104e-04
2.457782816255199723e+06 9.940396216204806512e-01 5.000000000000000104e-04
2.457782836686759721e+06 9.940254428338197723e-01 5.000000000000000104e-04
2.457782857118319720e+06 9.936929996281885780e-01 5.000000000000000104e-04
2.457782877549879719e+06 9.937504220874777694e-01 5.000000000000000104e-04
2.457782897981439251e+06 9.937363319182335175e-01 5.000000000000000104e-04
2.457782918412999250e+06 9.932685886418864962e-01 5.000000000000000104e-04
2.457782938844658434e+06 9.932545575509200697e-01 5.000000000000000104e-04
2.457782959276117850e+06 9.936942091061952143e-01 5.000000000000000104e-04
2.457782979707676917e+06 9.930089256076068960e-01 5.000000000000000104e-04
