6.024954888205943382e-01 6.830249548882060505e-03
6.069110001174574665e-01 6.830691100011746127e-03
6.114138195510883111e-01 6.831141381955109677e-03
6.160082542888618562e-01 6.831600825428886872e-03
6.207060229416635488e-01 6.832070602294166781e-03
6.255136961328446876e-01 6.832551369613285366e-03
6.304230619844056749e-01 6.833042306198441711e-03
6.354383275891940519e-01 6.833543832758920064e-03
6.405637793507409361e-01 6.834056377935074540e-03
6.458036706502773283e-01 6.834580367065028368e-03
6.511621496987382018e-01 6.835116214969874822e-03
6.566433617365964315e-01 6.835664336173660066e-03
6.622514729790378585e-01 6.836225147297904370e-03
6.679905160063570602e-01 6.836799051600636265e-03
6.738645135535137332e-01 6.837386451355352383e-03
6.798774834927326927e-01 6.837987748349274274e-03
6.860332854009485448e-01 6.838603328540095692e-03
6.923358270925475955e-01 6.839233582709255965e-03
6.988053151311685030e-01 6.839880531513117812e-03
7.054351170328494458e-01 6.840543511703285791e-03
7.122254455746909185e-01 6.841222544557469532e-03
7.191798349391124168e-01 6.841917983493911622e-03
7.263172675803487577e-01 6.842631726758035757e-03
7.336442399236287049e-01 6.843364423992364005e-03
7.411476866192757695e-01 6.844114768661928479e-03
7.488553698785099799e-01 6.844885536987851959e-03
7.567638769608437954e-01 6.845676387696085496e-03
7.648753543529765997e-01 6.846487535435298588e-03
7.732105969224791764e-01 6.847321059692248503e-03
7.817620224044457000e-01 6.848176202240444967e-03
7.905437278998475037e-01 6.849054372789985766e-03
7.995682990835928372e-01 6.849956829908359843e-03
8.088270674333921662e-01 6.850882706743340045e-03
8.183418088138193491e-01 6.851834180881383012e-03
8.281213710495698432e-01 6.852812137104957388e-03
8.381632252130756244e-01 6.853816322521308693e-03
8.484769844805840622e-01 6.854847698448058788e-03
8.590716213638418530e-01 6.855907162136384674e-03
8.699550721065318903e-01 6.856995507210653963e-03
8.811345691434172567e-01 6.858113456914342182e-03
8.926164059756964697e-01 6.859261640597569959e-03
9.044060161202639447e-01 6.860440601612027324e-03
9.165078232919141588e-01 6.861650782329192268e-03
9.289255380224836767e-01 6.862892553802249496e-03
9.416800844295094564e-01 6.864168008442951552e-03
9.547579228907530080e-01 6.865475792289075715e-03
9.681655972814562361e-01 6.866816559728146190e-03
9.819158207688717388e-01 6.868191582076887611e-03
9.959981927370158417e-01 6.869599819273702369e-03
1.010422217752051210e+00 6.871042221775205787e-03
1.025187182779094597e+00 6.872518718277910443e-03
1.040286272699051162e+00 6.874028627269906065e-03
1.055719828192424714e+00 6.875571982819243116e-03
1.071489837630721143e+00 6.877148983763073202e-03
1.087587716384251335e+00 6.878758771638425473e-03
1.104006533920935951e+00 6.880400653392093960e-03
1.120739524879675875e+00 6.882073952487968542e-03
1.137778150287911627e+00 6.883777815028791630e-03
1.155115821285940703e+00 6.885511582128594869e-03
1.172740323761094494e+00 6.887274032376110126e-03
1.190638059814935978e+00 6.889063805981494176e-03
1.208795814444235894e+00 6.890879581444424654e-03
1.227203827496816446e+00 6.892720382749682392e-03
1.245845905926304731e+00 6.894584590592630832e-03
1.264704614960925566e+00 6.896470461496093107e-03
1.283770316941241774e+00 6.898377031694124563e-03
1.303020361467092769e+00 6.900302036146710276e-03
1.322445525917678166e+00 6.902244552591768438e-03
1.342023720872404180e+00 6.904202372087241135e-03
1.361743229066245453e+00 6.906174322906625217e-03
1.381585470487772804e+00 6.908158547048777985e-03
1.401535431482285210e+00 6.910153543148229126e-03
1.421579040380420267e+00 6.912157904038042713e-03
1.441699863820305572e+00 6.914169986382031133e-03
1.461884107778708364e+00 6.916188410777871984e-03
1.482118480987850040e+00 6.918211848098786143e-03
1.502388965910429031e+00 6.920238896591044027e-03
1.522683417390884086e+00 6.922268341739088934e-03
1.542990055739632771e+00 6.924299005573964112e-03
1.563297528469164588e+00 6.926329752846916918e-03
1.583595839285633744e+00 6.928359583928563742e-03
1.603874798145210612e+00 6.930387479814521974e-03
1.624125605649302972e+00 6.932412560564931055e-03
1.644340133202293330e+00 6.934434013320230072e-03
1.664509690172060186e+00 6.936450969017207008e-03
1.684628047197284761e+00 6.938462804719729496e-03
1.704689070005479978e+00 6.940468907000548436e-03
1.724685462473475983e+00 6.942468546247347952e-03
1.744613194025619540e+00 6.944461319402562421e-03
1.764467155898959749e+00 6.946446715589896584e-03
1.784241906192471250e+00 6.948424190619247737e-03
1.803935659492311938e+00 6.950393565949231946e-03
1.823542436875334571e+00 6.952354243687534560e-03
1.843061536099081188e+00 6.954306153609909023e-03
1.862488638859403078e+00 6.956248863885941026e-03
1.881822248745163462e+00 6.958182224874516833e-03
1.901060059770593336e+00 6.960106005977059751e-03
1.920200597698382472e+00 6.962020059769839439e-03
1.939241644315075286e+00 6.963924164431508149e-03
1.958183313500024614e+00 6.965818331350003348e-03
1.977022697599671641e+00 6.967702269759967933e-03
1.995761500765532048e+00 6.969576150076554379e-03
2.014395791427376459e+00 6.971439579142738388e-03
2.032928379962473109e+00 6.973292837996247773e-03
2.051358218685730872e+00 6.975135821868573560e-03
2.069683267590676667e+00 6.976968326759068646e-03
2.087905942681301141e+00 6.978790594268130705e-03
2.106026115143801114e+00 6.980602611514380613e-03
2.124041838955242678e+00 6.982404183895524891e-03
2.141955229274013384e+00 6.984195522927402235e-03
2.159767139031436134e+00 6.985976713903144578e-03
2.177477625183957599e+00 6.987747762518396397e-03
2.195085561565670140e+00 6.989508556156568027e-03
2.212593126433229695e+00 6.991259312643324092e-03
2.230001292993227580e+00 6.993000129299323936e-03
2.247310294178577639e+00 6.994731029417858466e-03
2.264520897008210465e+00 6.996452089700821650e-03
2.281634192121974269e+00 6.998163419212197894e-03
2.298650096643734209e+00 6.999865009664374416e-03
2.315569618251327011e+00 7.001556961825133353e-03
2.332393966054075563e+00 7.003239396605407882e-03
2.349124392300160569e+00 7.004912439230017232e-03
2.365761590660970359e+00 7.006576159066097570e-03
2.382306244474003520e+00 7.008230624447400747e-03
2.398759508258766271e+00 7.009875950825877715e-03
2.415122148834317528e+00 7.011512214883432355e-03
2.431395426617842581e+00 7.013139542661785131e-03
2.447580109230196310e+00 7.014758010923020579e-03
2.463676971072206179e+00 7.016367697107221690e-03
2.479686927195030144e+00 7.017968692719503583e-03
2.495610574872476395e+00 7.019561057487248151e-03
2.511449436959949377e+00 7.021144943695995476e-03
2.527204771158298779e+00 7.022720477115830875e-03
2.542877441856083998e+00 7.024287744185609556e-03
2.558468269541017914e+00 7.025846826954102939e-03
2.573978247183040580e+00 7.027397824718304396e-03
2.589407280290567215e+00 7.028940728029057193e-03
2.604756759809051747e+00 7.030475675980906239e-03
2.620028263898698473e+00 7.032002826389870467e-03
2.635222994326843704e+00 7.033522299432684761e-03
2.650341380881400699e+00 7.035034138088140654e-03
2.665382533460050052e+00 7.036538253346005800e-03
2.680349665019891692e+00 7.038034966501989856e-03
2.695243719244957870e+00 7.039524371924496537e-03
2.710063686093752811e+00 7.041006368609376356e-03
2.724811209338052098e+00 7.042481120933806113e-03
2.739488539914287646e+00 7.043948853991429185e-03
2.754094632753381955e+00 7.045409463275338971e-03
2.768630360296619131e+00 7.046863036029662325e-03
2.783098432540817235e+00 7.048309843254082878e-03
2.797497053103016995e+00 7.049749705310302469e-03
2.811828794574673385e+00 7.051182879457468244e-03
2.826094628134055320e+00 7.052609462813406137e-03
2.840292923649971879e+00 7.054029292364998385e-03
2.854427969154188727e+00 7.055442796915419382e-03
2.868497040287454780e+00 7.056849704028746346e-03
2.882503565403148560e+00 7.058250356540315788e-03
2.896446389084156969e+00 7.059644638908416092e-03
2.910327357438576179e+00 7.061032735743858271e-03
2.924146689012360856e+00 7.062414668901236849e-03
2.937905235793741632e+00 7.063790523579374647e-03
2.951603504932950095e+00 7.065160350493295861e-03
2.965242475444429093e+00 7.066524247544443520e-03
2.978822304886786565e+00 7.067882230488679515e-03
2.992344325678074846e+00 7.069234432567808590e-03
3.005807793691948060e+00 7.070580779369195837e-03
3.019216065360287971e+00 7.071921606536029845e-03
3.032565834305823493e+00 7.073256583430583347e-03
3.045861455310682420e+00 7.074586145531068862e-03
3.059100674139672016e+00 7.075910067413967997e-03
3.072285901584229428e+00 7.077228590158423510e-03
3.085417849071876439e+00 7.078541784907188550e-03
3.098494705577245600e+00 7.079849470557725635e-03
3.111520205292857000e+00 7.081152020529286883e-03
3.124492828220146290e+00 7.082449282822015149e-03
3.137413094489076570e+00 7.083741309448908507e-03
3.150283243817167289e+00 7.085028324381717826e-03
3.163101985773601132e+00 7.086310198577360463e-03
3.175870483550375489e+00 7.087587048355038083e-03
3.188590132675141131e+00 7.088859013267514997e-03
3.201260006121392721e+00 7.090126000612140093e-03
3.213880663560938711e+00 7.091388066356094783e-03
3.226454101322287826e+00 7.092645410132229246e-03
3.238980417059911687e+00 7.093898041705992349e-03
3.251457657503403098e+00 7.095145765750341359e-03
3.263888746582092715e+00 7.096388874658209923e-03
3.276274225883944791e+00 7.097627422588395282e-03
3.288614243700412665e+00 7.098861424370042292e-03
3.300907342239608244e+00 7.100090734223961884e-03
3.313155920831750034e+00 7.101315592083175428e-03
3.325360438009410835e+00 7.102536043800941612e-03
3.337521316010909622e+00 7.103752131601091639e-03
3.349637779607459454e+00 7.104963777960746768e-03
3.361710695541752170e+00 7.106171069554176323e-03
3.373740992508269976e+00 7.107374099250827679e-03
3.385729340696789436e+00 7.108572934069679744e-03
3.397675745931313163e+00 7.109767574593132099e-03
3.409580695210876033e+00 7.110958069521088228e-03
3.421443390522118211e+00 7.112144339052212452e-03
3.433265326335337875e+00 7.113326532633534177e-03
3.445046894857137332e+00 7.114504689485714843e-03
3.456788523206634434e+00 7.115678852320663980e-03
3.468490378044409628e+00 7.116849037804441613e-03
3.480152983354478646e+00 7.118015298335448465e-03
3.491776662319898694e+00 7.119177666231990553e-03
3.503361025889228042e+00 7.120336102588923147e-03
3.514906891066118089e+00 7.121490689106612336e-03
3.526415010814972995e+00 7.122641501081498211e-03
3.537885375100586316e+00 7.123788537510059721e-03
3.549318421016084635e+00 7.124931842101609077e-03
3.560714591994430300e+00 7.126071459199443542e-03
3.572073950431859934e+00 7.127207395043186518e-03
3.583396863374967545e+00 7.128339686337497282e-03
3.594683839325147900e+00 7.129468383932515904e-03
3.605934945084000365e+00 7.130593494508400548e-03
3.617150486325092729e+00 7.131715048632509754e-03
3.628330930049432190e+00 7.132833093004943906e-03
3.639476501987707557e+00 7.133947650198771417e-03
3.650587456352991644e+00 7.135058745635299710e-03
3.661664139699663423e+00 7.136166413969967023e-03
3.672706880877095070e+00 7.137270688087710320e-03
3.683715596108539270e+00 7.138371559610854310e-03
3.694691141321926331e+00 7.139469114132193130e-03
3.705633358241877229e+00 7.140563335824188715e-03
3.716542438273635618e+00 7.141654243827364433e-03
3.727418953840430760e+00 7.142741895384044012e-03
3.738263296810144798e+00 7.143826329681014949e-03
3.749075177203317288e+00 7.144907517720332571e-03
3.759855548932488745e+00 7.145985554893249936e-03
3.770604103398885520e+00 7.147060410339889022e-03
3.781321316663663001e+00 7.148132131666366795e-03
3.792007686048816772e+00 7.149200768604882517e-03
3.802662809706260472e+00 7.150266280970626713e-03
3.813287581077731581e+00 7.151328758107773804e-03
3.823881802284661457e+00 7.152388180228466674e-03
3.834445843192443082e+00 7.153444584319245021e-03
3.844980324561631857e+00 7.154498032456164079e-03
3.855485047201760551e+00 7.155548504720176534e-03
3.865960326200025499e+00 7.156596032620003364e-03
3.876406032775226773e+00 7.157640603277523259e-03
3.886822376037555316e+00 7.158682237603756528e-03
3.897210241221991556e+00 7.159721024122199864e-03
3.907569253335179571e+00 7.160756925333518902e-03
3.917900051319239463e+00 7.161790005131924743e-03
3.928202988860419520e+00 7.162820298886042950e-03
3.938478132505067286e+00 7.163847813250507832e-03
3.948725551015076274e+00 7.164872555101508243e-03
3.958944737576878925e+00 7.165894473757688371e-03
3.969136470158894703e+00 7.166913647015890100e-03
3.979301337705290376e+00 7.167930133770529684e-03
3.989439215462953214e+00 7.168943921546296408e-03
3.999550452307413462e+00 7.169955045230742320e-03
4.009635409840123010e+00 7.170963540984013479e-03
4.019693854875026950e+00 7.171969385487503290e-03
4.029725233554681374e+00 7.172972523355468887e-03
4.039730709813990295e+00 7.173973070981399733e-03
4.049710835537217335e+00 7.174971083553722574e-03
4.059665324591201774e+00 7.175966532459120834e-03
4.069594924653245904e+00 7.176959492465325580e-03
4.079498091593858788e+00 7.177949809159386504e-03
4.089376051276473412e+00 7.178937605127648329e-03
4.099229786847089052e+00 7.179922978684709703e-03
4.109058660497233006e+00 7.180905866049723703e-03
4.118863306769874555e+00 7.181886330676988568e-03
4.128642405491594225e+00 7.182864240549160194e-03
4.138397501862847605e+00 7.183839750186285511e-03
4.148128891083760372e+00 7.184812889108376822e-03
4.157836314939683753e+00 7.185783631493969370e-03
4.167519625103922820e+00 7.186751962510393339e-03
4.177179003543038505e+00 7.187717900354304718e-03
4.186815506547641341e+00 7.188681550654764559e-03
4.196429110698112197e+00 7.189642911069812035e-03
4.206018416438392471e+00 7.190601841643840149e-03
4.215584951681210946e+00 7.191558495168121588e-03
4.225128755124692326e+00 7.192512875512469678e-03
4.234650739007196130e+00 7.193465073900720194e-03
4.244148614470615755e+00 7.194414861447062659e-03
4.253624496584166081e+00 7.195362449658417557e-03
4.263078794512334291e+00 7.196307879451233937e-03
4.272510211304774153e+00 7.197251021130478439e-03
4.281919085500088151e+00 7.198191908550009149e-03
4.291306909848093376e+00 7.199130690984809934e-03
4.300673397038681678e+00 7.200067339703869300e-03
4.310017340974857447e+00 7.201001734097486201e-03
4.319339734903419270e+00 7.201933973490342797e-03
4.328641924451228640e+00 7.202864192445123867e-03
4.337921953581585832e+00 7.203792195358158998e-03
4.347180696976718828e+00 7.204718069697672693e-03
4.356419535277230359e+00 7.205641953527723402e-03
4.365636668273011445e+00 7.206563666827301741e-03
4.374833119925476410e+00 7.207483311992548755e-03
4.384009308980081343e+00 7.208400930898009075e-03
4.393165179011167432e+00 7.209316517901117292e-03
4.402299902469296811e+00 7.210229990246930752e-03
4.411415439780623338e+00 7.211141543978063020e-03
4.420510487414818002e+00 7.212051048741482777e-03
4.429585097721315812e+00 7.212958509772132709e-03
4.438640847707974402e+00 7.213864084770798407e-03
4.447675963596198656e+00 7.214767596359620942e-03
4.456691834913858230e+00 7.215669183491386224e-03
4.465688731178857118e+00 7.216568873117886612e-03
4.474665294568997531e+00 7.217466529456900703e-03
4.483622913887916894e+00 7.218362291388792304e-03
4.492562159077411188e+00 7.219256215907741622e-03
4.501480908112369228e+00 7.220148090811237887e-03
4.510381953673955557e+00 7.221038195367396675e-03
4.519263383849764004e+00 7.221926338384977197e-03
4.528126047697357492e+00 7.222812604769736355e-03
4.536971309778443207e+00 7.223697130977845167e-03
4.545796048111036214e+00 7.224579604811104047e-03
4.554603793531243561e+00 7.225460379353124823e-03
4.563392596493700104e+00 7.226339259649370607e-03
4.572163267309925949e+00 7.227216326730993672e-03
4.580916548638709784e+00 7.228091654863872187e-03
4.589650618390429315e+00 7.228965061839043825e-03
4.598367689312868656e+00 7.229836768931287468e-03
4.607066681687260967e+00 7.230706668168726883e-03
4.615747899576960300e+00 7.231574789957696640e-03
4.624412279277495763e+00 7.232441227927750502e-03
4.633057709743861885e+00 7.233305770974387400e-03
4.641687442923594809e+00 7.234168744292360405e-03
4.650298135345599881e+00 7.235029813534560490e-03
4.658892757182722555e+00 7.235889275718273422e-03
4.667469434827050456e+00 7.236746943482705655e-03
4.676029330655726568e+00 7.237602933065573688e-03
4.684572741753544101e+00 7.238457274175355387e-03
4.693098614655464296e+00 7.239309861465547530e-03
4.701608689094963545e+00 7.240160868909497130e-03
4.710100644232890765e+00 7.241010064423289601e-03
4.718577614410938814e+00 7.241857761441095054e-03
4.727036185793213718e+00 7.242703618579321954e-03
4.735479957680318819e+00 7.243547995768032620e-03
4.743905994140831694e+00 7.244390599414084198e-03
4.752316980729044182e+00 7.245231698072905450e-03
4.760710812698005334e+00 7.246071081269801414e-03
4.769089420490750797e+00 7.246908942049075722e-03
4.777451373718597516e+00 7.247745137371860297e-03
4.785798002855298883e+00 7.248579800285530339e-03
4.794128398497018217e+00 7.249412839849702153e-03
4.802443376368349170e+00 7.250244337636835464e-03
4.810742149230142317e+00 7.251074214923014863e-03
4.819025617446342835e+00 7.251902561744635357e-03
4.827293465386820692e+00 7.252729346538682592e-03
4.835546052327778455e+00 7.253554605232778556e-03
4.843782906991199511e+00 7.254378290699120720e-03
4.852004756317374934e+00 7.255200475631738699e-03
4.860211301112485671e+00 7.256021130111249551e-03
4.868402776861874948e+00 7.256840277686187925e-03
4.876578940746790103e+00 7.257657894074679567e-03
4.884740610308153208e+00 7.258474061030815820e-03
4.892886694471238584e+00 7.259288669447124497e-03
4.901018676004912145e+00 7.260101867600492025e-03
4.909134977771611119e+00 7.260913497777162287e-03
4.917237634043125638e+00 7.261723763404313164e-03
4.925324446630525266e+00 7.262532444663053269e-03
4.933398134829127812e+00 7.263339813482913576e-03
4.941455747418270761e+00 7.264145574741827545e-03
4.949500574148831156e+00 7.264950057414883665e-03
4.957529272260982722e+00 7.265752927226099174e-03
4.965545265984300016e+00 7.266554526598430382e-03
4.973545738131229577e+00 7.267354573813123927e-03
4.981533127718194010e+00 7.268153312771820015e-03
4.989505570332331885e+00 7.268950557033234360e-03
4.997464544786359930e+00 7.269746454478636689e-03
5.005409447756558272e+00 7.270540944775656829e-03
5.013340281098163764e+00 7.271334028109817382e-03
5.021257830036362613e+00 7.272125783003636698e-03
5.029160621649585217e+00 7.272916062164959741e-03
5.037050569743966477e+00 7.273705056974397523e-03
5.044926341689747851e+00 7.274492634168975604e-03
5.052788665119484435e+00 7.275278866511949473e-03
5.060637793590113453e+00 7.276063779359012371e-03
5.068472910824403321e+00 7.276847291082441486e-03
5.076295801406098818e+00 7.277629580140610767e-03
5.084103674368654069e+00 7.278410367436866438e-03
5.091899712598682903e+00 7.279189971259868684e-03
5.099681505093992762e+00 7.279968150509400458e-03
5.107450657487454748e+00 7.280745065748746650e-03
5.115207056598135793e+00 7.281520705659814095e-03
5.122949443628000310e+00 7.282294944362800553e-03
5.130680253670200308e+00 7.283068025367021164e-03
5.138396688682078661e+00 7.283839668868208501e-03
5.146101168408605098e+00 7.284610116840861162e-03
5.153792503046548568e+00 7.285379250304655288e-03
5.161470922892684499e+00 7.286147092289268871e-03
5.169137380954161642e+00 7.286913738095417148e-03
5.176790461846893621e+00 7.287679046184689785e-03
5.184431084171856163e+00 7.288443108417186171e-03
5.192059796083041689e+00 7.289205979608305054e-03
5.199674827397712917e+00 7.289967482739772263e-03
5.207278575337390691e+00 7.290727857533739649e-03
5.214869140309796869e+00 7.291486914030980045e-03
5.222447615347904026e+00 7.292244761534790766e-03
5.230015006897814622e+00 7.293001500689782514e-03
5.237568466208088580e+00 7.293756846620809246e-03
5.245110964662393016e+00 7.294511096466240428e-03
5.252640889229666321e+00 7.295264088922967169e-03
5.260158396991502450e+00 7.296015839699150803e-03
5.267664377459389868e+00 7.296766437745939859e-03
5.275158341451031241e+00 7.297515834145103762e-03
5.282639970089038961e+00 7.298263997008904401e-03
5.290110882103223666e+00 7.299011088210322941e-03
5.297568853064386296e+00 7.299756885306439395e-03
