2.683268411115897339e-03 1.376427381094764701e+00
3.184899467165318299e-03 1.261972067952463750e+00
3.247818128839729396e-02 1.018058001239843025e+00
3.296644902926629955e-02 1.061217088381495088e+00
8.578574343913592318e-03 1.280212731502645696e+00
2.716266433472863239e-03 1.158439109639916920e+00
1.021210823525975364e-02 1.067651051655783556e+00
2.406537470764272442e-03 1.047720517404979290e+00
2.561540209106777204e-03 1.264471815831318846e+00
3.007362573859903576e-03 1.428626580745555152e+00
3.969117151842649870e-03 4.593405728289011059e+00
